8523145
24644912
4267243923
4235982367
96404959
179244172
5835031
4117366504
4096786063
4183946002
61732320
192872455
106102907
4277534512
37356720
45483658
4202693563
4270589323
215811890
104465457
3990160280
3905421864
4244765521
262471053
307890561
116065956
4118739340
4033478986
4260500166
149883682
91224481
36635048
74650868
10228491
4155965614
4065194890
4018009065
4065984134
4264232083
61930328
4216517463
4192074397
81002153
40564477
4048353889
4039575851
65669609
230294321
113707308
4281535261
4252957987
10484462
152373954
263654774
205324801
31457579
4153213873
4086627480
4223991282
108137002
46860102
4227070322
133102260
368640785
158073140
4096327859
4124968335
37879805
24705007
4236378166
4270918489
4254337262
4162520479
4178511763
4231987973
4170251574
4103668127
4117235119
4121363130
4171629656
51513450
120914781
4243062384
4166451984
106366424
287114039
134480671
4259249761
48689747
117961468
4252893482
4157539419
32637072
148376225
4282585653
4145677339
4260362597
102302218
106300335
143521948
221641508
142804328
4270587697
4228905012
4227400673
4118481739
4058513371
4187224082
43710977
65140073
26866436
3473577
4271901577
4233955207
4195419904
4169730695
4166713214
4148753559
4113629653
4159770736
4280157493
23459747
4278845319
4285859881
4255646715
4137092667
4184608560
122423408
126613860
4180933096
4172415217
60095831
4245290182
3990620351
4073196870
4291822764
4259513387
4224257168
95750677
98173358
4145022030
4107077585
61472674
173734598
49152507
4243457160
4241686247
4271047033
26544418
18679061
4192140356
4114218683
4191290901
4292216656
21235478
17827774
4291101536
4240178532
4221697364
4231135233
4198629659
4182639150
4271899006
85196487
105709718
81265457
42662469
4234735049
4126535841
4163173080
27916560
114095305
50921250
4277668430
18547580
71694018
63829777
67567702
86902539
4283238697
4122478291
4147052857
34668192
88342534
3735109
16578895
95221981
28507094
4189846196
4242077890
172031791
294652268
130222336
4121230593
4028429881
4239916801
151915002
149881711
88010606
37349229
4212192733
4186375506
103809475
228194672
43779120
4223014821
95622765
169345695
2947434
4235067747
31589974
4285465053
4151771297
4164552095
4280486012
46204376
9895139
4198231716
4189316966
106950887
242417349
19464499
4057201737
4072536221
4096193932
4047435431
4264362095
277546857
178651519
4239915870
67895378
166921367
4130012673
3875796479
4093638116
48036664
37814607
28312574
89719068
99548783
162005058
255459478
142867929
4248108777
4286578734
112785842
98628941
121109823
219088128
112329286
4152295443
4119462645
4290052185
39909688
4206884293
4112642585
4145606759
4221828507
4224257674
4181592820
4242210442
57934176
2556841
4183225192
10676997
224459558
180159647
4281137614
4195481699
4121494759
4002677563
4060346555
4281401091
109709380
149553028
247331215
270927396
105909526
4216915135
4159570736
4202039127
1309982
72609957
82048522
133692837
226687713
189792475
96538424
162990383
216069379
24966447
4158325453
4265344781
82441218
78117192
161939443
193853483
4239193588
4077781882
4655689
164037357
13172544
11796724
266009720
283178965
50068241
7732259
89061079
4279432874
4185259218
36700068
144375842
4293263896
4145938415
4206099185
40041768
68878958
9109206
4257282207
4293262516
75629930
104466050
85197090
57342868
6879256
4258003344
4287299602
34735270
328751
4263838554
21234473
47513921
4255907953
4165796254
4170120995
4199807905
4176347754
4158853190
4233761717
25496088
4256825993
4121952664
4172676436
58783221
43841455
4148494936
4111533738
4231790217
4285461869
38204928
162332068
143590364
4240507960
4172284120
4261347204
4230545848
4120969697
4163567358
4263313648
4236314179
4160946295
4155306320
4238209305
103679366
184881778
40306256
4170642528
4180079466
4155310249
4049800185
4186638978
138477280
4293851346
4012441439
4209901662
307032001
239461407
4238536941
4239262200
68157743
28703580
4456402
80872742
68485883
4270784399
4228120268
4215145204
4242018167
23992118
4288547092
4171363572
4226807553
78710510
19860706
4212198458
33950683
109641677
4252233280
4214747629
85394392
78709729
4232509391
37223658
204737333
46794822
4079876835
4103665561
4275436627
44171240
44761551
13696787
4191025017
4114674947
4189387003
4252432793
4195809605
4173922087
4252369446
4288937255
4279631607
79366808
213912782
177799582
43186905
56688292
147784708
76023292
4262331068
78380177
212336256
82446145
4220191982
10091240
69599038
4209969285
4168678870
61337715
131988456
44501769
78578965
137428992
13502792
4237756038
77591783
113439272
4265802236
4245615329
50719649
48101861
27199337
63242767
4261281690
4099475479
4147316297
4261674037
4218027413
4257087794
166393930
117568341
4101766599
4067034173
21495485
61276124
4223535796
4274130132
70649023
4290642596
9635619
183436293
158988528
4246140160
4247256171
72876408
4238081397
4042063077
4147709681
48238359
24186275
2296622
163776682
202636699
11465418
4264818928
157222994
182586702
4196354
4275897155
95355196
48431497
4235854674
15269979
108984891
46398688
10880640
74975365
47448958
4259578444
23986906
133628025
135069854
119734977
135856076
97910144
76219431
136776563
146999943
136709424
268434727
331936594
94696381
4203086391
53153170
127143189
4210953155
4172942273
140576005
216137423
4457646
4174843370
4179889329
4160947036
4233886573
103873115
106430559
4290250283
35587664
150800328
143002809
90572931
73071760
12058245
4222553687
4187426897
4189519345
4263768333
87685418
44173869
4190114463
4292480075
248512327
163969753
4160029089
4183885392
110953333
4289462882
3915384792
3794734792
4038725960
39520850
106626183
4254791216
4177853216
7863305
75298500
4266196110
4281141602
149685311
128643133
4280740611
26802917
71699072
4214230052
4204200522
144307430
161935007
4204131625
4111073995
4155641546
4090433985
4119856957
33552961
49675179
4176282252
4224449413
93385846
47383418
4258206633
2754697
4234999268
4113496469
4219209693
82316393
20516044
4256697595
60753094
72219249
4268227224
4265410264
4259315103
4144233197
4132435863
4239323321
4223856922
4158652154
4230022885
4287757235
4241224056
4252039309
4262133691
4150982828
4143576265
6881564
6818433
4196008511
44497580
212075195
28117209
4123918001
4232967293
4284544685
4134074572
4183094903
81526052
4284549726
4095348181
4193389321
26021252
4227009563
4215275140
84997068
109377142
25885651
88472908
146931706
44368667
9634644
73335843
4269016558
4146005135
24969565
237370793
112457553
4226741080
41940718
157154011
6552331
4177198515
4266000116
4292344051
4188469825
4236445824
97651313
63961703
4260755351
87032969
219873455
101052546
4272812902
31522353
4277925959
4092523840
4133749898
49678461
37090893
4207472379
4278909727
41680963
4198562624
4192468090
92471495
79495575
4169663754
4185523747
51313518
36696571
4271961846
30080718
4284415949
4130930724
4117888910
4205115980
4212783336
4228906420
4292082914
4260951818
4201117620
4210490234
4121754496
3986358100
4144236318
152568932
143849614
4291753114
118094097
244513381
44628440
4152884556
4273995928
143851609
166461565
143983280
50398265
4196598404
4200201554
2488778
4239391800
4148165942
4238145331
31389404
4275176214
3737760
143850769
171767568
62915693
4246277885
4184540622
4265932828
153089377
74905910
4013227648
3973252504
107743393
344392386
126417964
9436719
243729521
402261119
231800189
4241553863
4079878399
4110420966
4223667666
4207937605
4105373233
4184475118
75234920
16971661
4060545054
3968929110
4078634929
4222940723
67564919
117310952
4260957722
4103735724
4200269690
135660505
256636298
251194830
147716853
4254205755
4144824620
4198563039
4224190313
4153871155
4213702055
138802096
222951561
76546007
4243718424
4267834480
10023780
4273729655
4267047761
6358460
4259447756
4163895822
4202825597
69601154
111084423
395729
4243394860
4266395767
4236442486
4226677875
4284810531
4249094658
4189260412
58263041
221577052
39648799
4146527500
24114515
126940323
4165926915
4089839837
83162414
137427462
4188015889
4213837388
129237608
58720765
4252172395
152039418
252635627
57472868
4285791263
98956950
3342294
4123069631
4178183281
4242143072
4142987825
4164419011
32372946
34142630
4264230664
76086503
127072931
4219666133
4066771067
4174905754
18352512
9505649
4246864050
4238080966
4270522938
3933327
7406411
57345381
164954028
147125318
4261738883
4179756790
4249158106
4222744887
4130866603
4208332799
38601796
22871685
54004143
206637023
196999926
14942907
4254798412
11602157
4285790210
4294900782
77137148
49872993
14220593
150798734
210829591
4294442978
4139255509
4242213495
55706743
80937349
159646823
186451019
65602458
3081757
54330908
34735517
4278782544
25037557
56886003
81723546
213517630
228393190
4241226073
4038131786
4145809700
4195746016
4083611472
4185194129
133433286
89588891
4170251912
4147706653
4243650107
32503346
165216263
194381999
8784178
4224911290
63374923
37618472
4164288846
4245028710
103873284
4233428044
4061463319
4286185136
283505259
242284412
4292479300
4073786104
4027777352
4290970311
300024712
169866433
4112969530
4118413664
24316839
4205247565
3971346086
4072535211
80281317
253886741
279445149
211155950
108920393
127010305
197658645
81331073
4222944543
66193366
301202698
219738977
4230217027
4124903098
4230741525
51706364
79103425
4288087877
4111858146
3981113489
4035772857
4262723092
181008176
168558580
4267837446
4188340291
7207913
13764100
4105243549
4023256048
4230741013
148240935
134806578
13435948
4238347258
4207413091
4169268133
4165138361
4260755879
114948075
184809138
173538121
201522620
223475988
85259815
4172020281
4118150440
4219074947
44431077
97975224
6488406
4153409811
4221436313
127338769
54857178
4124116648
4208327810
83884577
4188207627
4039636620
63895391
288620609
17958737
4118349551
4236444834
4159570595
3958308441
4144954195
123600485
8782490
4206690564
138476835
205717257
4291823268
4290579523
142412411
48366388
4232575979
62846829
96728423
4240439175
4266459224
124783035
73336542
4258920474
52031421
169015075
160497766
127270912
84278577
588894
4232771475
4158649409
4085972069
4212720857
151847287
139853743
23987808
178913754
342946190
154857662
4238277877
4254267989
4171297016
4013291532
4212981327
263189347
219869979
4271310798
4233039336
4260560409
4226480458
4288020380
43055406
4234277555
4246470030
148440130
156236569
4268423178
4254006709
37091878
4266980692
4236901464
42926210
46725770
4258092
126614482
208664926
49544072
4181852975
4153606077
4147313168
4268557712
269422405
372376740
159121391
8523145
24644912
4267243923
4235982367
96404959
179244172
5835031
4117366504
4096786063
4183946002
61732320
192872455
106102907
4277534512
37356720
45483658
4202693563
4270589323
215811890
104465457
3990160280
3905421864
4244765521
262471053
307890561
116065956
4118739340
4033478986
4260500166
149883682
91224481
36635048
74650868
10228491
4155965614
4065194890
4018009065
4065984134
4264232083
61930328
4216517463
4192074397
81002153
40564477
4048353889
4039575851
65669609
230294321
113707308
4281535261
4252957987
10484462
152373954
263654774
205324801
31457579
4153213873
4086627480
4223991282
108137002
46860102
4227070322
133102260
368640785
158073140
4096327859
4124968335
37879805
24705007
4236378166
4270918489
4254337262
4162520479
4178511763
4231987973
4170251574
4103668127
4117235119
4121363130
4171629656
0
0
0
0
0
0
0
0
0
0
0
0
0
0
0
0
0
0
0
0
0
0
0
0
0
0
0
0
0
0
0
0
0
0
0
0
0
0
0
0
0
0
0
0
0
0
0
0
0
0
0
0
0
0
0
0
0
0
0
0
0
0
0
0
0
0
0
0
0
0
0
0
0
0
0
0
0
0
0
0
0
0
0
0
0
0
0
0
0
0
0
0
0
0
0
0
0
0
0
0
0
0
0
0
0
0
0
0
0
0
0
0
0
0
0
0
0
0
0
0
0
0
0
0
0
0
0
0
0
0
0
0
0
0
0
0
0
0
0
0
0
0
0
0
0
0
0
0
0
0
0
0
0
0
0
0
0
0
0
0
0
0
0
0
0
0
0
0
0
0
0
0
0
0
0
0
0
0
0
0
0
0
0
0
0
0
0
0
0
0
0
0
0
0
0
0
0
0
0
0
0
0
0
0
0
0
0
0
0
0
0
0
0
0
0
0
0
0
0
0
0
0
0
0
0
0
0
0
0
0
0
0
0
0
0
0
0
0
0
0
0
0
0
0
0
0
0
0
0
0
0
0
0
0
0
0
0
0
0
0
0
0
0
0
0
0
0
0
0
0
0
0
0
0
0
0
0
0
0
0
0
0
0
0
0
0
0
0
0
0
0
0
0
0
0
0
0
0
0
0
0
0
0
0
0
0
0
0
0
0
0
0
0
0
0
0
0
0
0
0
0
0
0
0
0
0
0
0
0
0
0
0
0
0
0
0
0
0
0
0
0
0
0
0
0
0
0
0
0
0
0
0
0
0
0
0
0
0
0
0
0
0
0
0
0
0
0
0
0
0
0
0
0
0
0
0
0
0
0
0
0
0
0
0
0
0
0
0
0
0
0
0
0
0
0
0
0
0
0
0
0
0
0
0
0
0
0
0
0
0
0
0
0
0
0
0
0
0
0
0
0
0
0
0
0
0
0
0
0
0
0
0
0
0
0
0
0
0
0
0
0
0
0
0
0
0
0
0
0
0
0
0
0
0
0
0
0
0
0
0
0
0
0
0
0
0
0
0
0
0
0
0
0
0
0
0
0
0
0
0
0
0
0
0
0
0
0
0
0
0
0
0
0
0
0
0
0
0
0
0
0
0
0
0
0
0
0
0
0
0
0
0
0
0
0
0
0
0
0
0
0
0
0
0
0
0
0
0
0
0
0
0
0
0
0
0
0
0
0
0
0
0
0
0
0
0
0
0
0
0
0
0
0
0
0
0
0
0
0
0
0
0
0
0
0
0
0
0
0
0
0
0
0
0
0
0
0
0
0
0
0
0
0
0
0
0
0
0
0
0
0
0
0
0
0
0
0
0
0
0
0
0
0
0
0
0
0
0
0
0
0
0
0
0
0
0
0
0
0
0
0
0
0
0
0
0
0
0
0
0
0
0
0
0
0
0
0
0
0
0
0
0
0
0
0
0
0
0
0
0
0
0
0
0
0
0
0
0
0
0
0
0
0
0
0
0
0
0
0
0
0
0
0
0
0
0
0
0
0
0
0
0
0
0
0
0
0
0
0
0
0
0
0
0
0
0
0
0
0
0
0
0
0
0
0
0
0
0
0
0
0
0
0
0
0
0
0
0
0
0
0
0
0
0
0
0
0
0
0
0
0
0
0
0
0
0
0
0
0
0
0
0
0
0
0
0
0
0
0
0
0
0
0
0
0
0
0
0
0
0
0
0
0
0
0
0
0
0
0
0
0
0
0
0
0
0
0
0
0
0
0
0
0
0
0
0
0
0
0
0
0
0
0
0
0
0
0
0
0
0
0
0
0
0
0
0
0
0
0
0
0
0
0
0
0
0
0
0
0
0
0
0
0
0
0
0
0
0
0
0
0
0
0
0
0
0
0
0
0
0
0
0
0
0
0
0
0
0
0
0
0
0
0
0
0
0
0
0
0
0
0
0
0
0
0
0
0
0
0
0
0
0
0
0
0
0
0
0
0
0
0
0
0
0
0
0
0
0
0
0
0
0
0
0
0
0
0
0
0
0
0
0
0
0
0
0
0
0
0
0
0
0
0
0
0
0
0
0
0
0
0
0
0
0
0
0
0
0
0
0
0
0
0
0
0
0
0
0
0
0
0
0
0
0
0
0
0
0
0
0
0
0
0
0
0
0
0
0
0
0
0
0
0
0
0
0
0
0
0
0
0
0
0
0
0
0
0
0
0
0
0
0
0
0
0
0
0
0
0
0
0
0
0
0
0
0
0
0
0
0
0
0
0
0
0
0
0
0
0
0
0
0
0
0
0
0
0
0
0
0
0
0
0
0
0
0
0
0
0
0
0
0
0
0
0
0
0
0
0
0
0
0
0
0
0
0
0
0
0
0
0
0
0
0
0
0
0
0
0
0
0
0
0
0
0
0
0
0
0
0
0
0
0
0
0
0
0
0
0
0
0
0
0
0
0
0
0
0
0
0
0
0
0
0
0
0
0
0
0
0
0
0
0
0
0
0
0
0
0
0
0
0
0
0
0
0
0
0
0
0
0
0
0
0
0
0
0
0
0
0
0
0
0
0
0
0
0
0
0
0
0
0
0
0
0
0
0
0
0
0
0
0
0
0
0
0
0
0
0
0
0
0
0
0
0
0
0
0
0
0
0
0
0
0
0
0
0
0
0
0
0
0
0
0
0
0
0
0
0
0
0
0
0
0
0
0
0
0
0
0
0
0
0
0
0
0
0
0
0
0
0
0
0
0
0
0
0
0
0
0
0
0
0
0
0
0
0
0
0
0
0
0
0
0
0
0
0
0
0
0
0
0
0
0
0
0
0
0
0
0
0
0
0
0
0
0
0
0
0
0
0
0
0
0
0
0
0
0
0
0
0
0
0
0
0
0
0
0
0
0
0
0
0
0
0
0
0
0
0
0
0
0
0
0
0
0
0
0
0
0
0
0
0
0
0
0
0
0
0
0
0
0
0
0
0
0
0
0
0
0
0
0
0
0
0
0
0
0
0
0
0
0
0
0
0
0
0
0
0
0
0
0
0
0
0
0
0
0
0
0
0
0
0
0
0
0
0
0
0
0
0
0
0
0
0
0
0
0
0
0
0
0
0
0
0
0
0
0
0
0
0
0
0
0
0
0
0
0
0
0
0
0
0
0
0
0
0
0
0
0
0
0
0
0
0
0
0
0
0
0
0
0
0
0
0
0
0
0
0
0
0
0
0
0
0
0
0
0
0
0
0
0
0
0
0
0
0
0
0
0
0
0
0
0
0
0
0
0
0
0
0
0
0
0
0
0
0
0
0
0
0
0
0
0
0
0
0
0
0
0
0
0
0
0
0
0
0
0
0
0
0
0
0
0
0
0
0
0
0
0
0
0
0
0
0
0
0
0
0
0
0
0
0
0
0
0
0
0
0
0
0
0
0
0
0
0
0
0
0
0
0
0
0
0
0
0
0
0
0
0
0
0
0
0
0
0
0
0
0
0
0
0
0
0
0
0
0
0
0
0
0
0
0
0
0
0
0
0
0
0
0
0
0
0
0
0
0
0
0
0
0
0
0
0
0
0
0
0
0
0
0
0
0
0
0
0
0
0
0
0
0
0
0
0
0
0
0
0
0
0
0
0
0
0
0
0
0
0
0
0
0
0
0
0
0
0
0
0
0
0
0
0
0
0
0
0
0
0
0
0
0
0
0
0
0
0
0
0
0
0
0
0
0
0
0
0
0
0
0
0
0
0
0
0
0
0
0
0
0
0
0
0
0
0
0
0
0
0
0
0
0
0
0
0
0
0
0
0
0
0
0
0
0
0
0
0
0
0
0
0
0
0
0
0
0
0
0
0
0
0
0
0
0
0
0
0
0
0
0
0
0
0
0
0
0
0
0
0
0
0
0
0
0
0
0
0
0
0
0
0
0
0
0
0
0
0
0
0
0
0
0
0
0
0
0
0
0
0
0
0
0
0
0
0
0
0
0
0
0
0
0
0
0
0
0
0
0
0
0
0
0
0
0
0
0
0
0
0
0
0
0
0
0
0
0
0
0
0
0
0
0
0
0
0
0
0
0
0
0
0
0
0
0
0
0
0
0
0
0
0
0
0
0
0
0
0
0
0
0
0
0
0
0
0
0
0
0
0
0
0
0
0
0
0
0
0
0
0
0
0
0
0
0
0
0
0
0
0
0
0
0
0
0
0
0
0
0
0
0
0
0
0
0
0
0
0
0
0
0
0
0
0
0
0
0
0
0
0
0
0
0
0
0
0
0
0
0
0
0
0
0
0
0
0
0
0
0
0
0
0
0
0
0
0
0
0
0
0
0
0
0
0
0
0
0
0
0
0
0
0
0
0
0
0
0
0
0
0
0
0
0
0
0
0
0
0
0
0
0
0
0
0
0
0
0
0
0
0
0
0
0
0
0
0
0
0
0
0
0
0
0
0
0
0
0
0
0
0
0
0
0
0
0
0
0
0
0
0
0
0
0
0
0
0
0
0
0
0
0
0
0
0
0
0
0
0
0
0
0
0
0
0
0
0
0
0
0
0
0
0
0
0
0
0
0
0
0
0
0
0
0
0
0
0
0
0
0
0
0
0
0
0
0
0
0
0
0
0
0
0
0
0
0
0
0
0
0
0
0
0
0
0
0
0
0
0
0
0
0
0
0
0
0
0
0
0
0
0
0
0
0
0
0
0
0
0
0
0
0
0
0
0
0
0
0
0
0
0
0
0
0
0
0
0
0
0
0
0
0
0
0
0
0
0
0
0
0
0
0
0
0
0
0
0
0
0
0
0
0
0
0
0
0
0
0
0
0
0
0
0
0
0
0
0
0
0
0
0
0
0
0
0
0
0
0
0
0
0
0
0
0
0
0
0
0
0
0
0
0
0
0
0
0
0
0
0
0
0
0
0
0
0
0
0
0
0
0
0
0
0
0
0
0
0
0
0
0
0
0
0
0
0
0
0
0
0
0
0
0
0
0
0
0
0
0
0
0
0
0
0
0
0
0
0
0
0
0
0
0
0
0
0
0
0
0
0
0
0
0
0
0
0
0
0
0
0
0
0
0
0
0
0
0
0
0
0
0
0
0
0
0
0
0
0
0
0
0
0
0
0
0
0
0
0
0
0
0
0
0
0
0
0
0
0
0
0
0
0
0
0
0
0
0
0
0
0
0
0
0
0
0
0
0
0
0
0
0
0
0
0
0
0
0
0
0
0
0
0
0
0
0
0
0
0
0
0
0
0
0
0
0
0
0
0
0
0
0
0
0
0
0
0
0
0
0
0
0
0
0
0
0
0
0
0
0
0
0
0
0
0
0
0
0
0
0
0
0
0
0
0
0
0
0
0
0
0
0
0
0
0
0
0
0
0
0
0
0
0
0
0
0
0
0
0
0
0
0
0
0
0
0
0
0
0
0
0
0
0
0
0
0
0
0
0
0
0
0
0
0
0
0
0
0
0
0
0
0
0
0
0
0
0
0
0
0
0
0
0
0
0
0
0
0
0
0
0
0
0
0
0
0
0
0
0
0
0
0
0
0
0
0
0
0
0
0
0
0
0
0
0
0
0
0
0
0
0
0
0
0
0
0
0
0
0
0
0
0
0
0
0
0
0
0
0
0
0
0
0
0
0
0
0
0
0
0
0
0
0
0
0
0
0
0
0
0
0
0
0
0
0
0
0
0
0
0
0
0
0
0
0
0
0
0
0
0
0
0
0
0
0
0
0
0
0
0
0
0
0
0
0
0
0
0
0
0
0
0
0
0
0
0
0
0
0
0
0
0
0
0
0
0
0
0
0
0
0
0
0
0
0
0
0
0
0
0
0
0
0
0
0
0
0
0
0
0
0
0
0
0
0
0
0
0
0
0
0
0
0
0
0
0
0
0
0
0
0
0
0
0
0
0
0
0
0
0
0
0
0
0
0
0
0
0
0
0
0
0
0
0
0
0
0
0
0
0
0
0
0
0
0
0
0
0
0
0
0
0
0
0
0
0
0
0
0
0
0
0
0
0
0
0
0
0
0
0
0
0
0
0
0
0
0
0
0
0
0
0
0
0
0
0
0
0
0
0
0
0
0
0
0
0
0
0
0
0
0
0
0
0
0
0
0
0
0
0
0
0
0
0
0
0
0
0
0
0
0
0
0
0
0
0
0
0
0
0
0
0
0
0
0
0
0
0
0
0
0
0
0
0
0
0
0
0
0
0
0
0
0
0
0
0
0
0
0
0
0
0
0
0
0
0
0
0
0
0
0
0
0
0
0
0
0
0
0
0
0
0
0
0
0
0
0
0
0
0
0
0
0
0
0
0
0
0
0
0
0
0
0
0
0
0
0
0
0
0
0
0
0
0
0
0
0
0
0
0
0
0
0
0
0
0
0
0
0
0
0
0
0
0
0
0
0
0
0
0
0
0
0
0
0
0
0
0
0
0
0
0
0
0
0
0
0
0
0
0
0
0
0
0
0
0
0
0
0
0
0
0
0
0
0
0
0
0
0
0
0
0
0
0
0
0
0
0
0
0
0
0
0
0
0
0
0
0
0
0
0
0
0
0
0
0
0
0
0
0
0
0
0
0
0
0
0
0
0
0
0
0
0
0
0
0
0
0
0
0
0
0
0
0
0
0
0
0
0
0
0
0
0
0
0
0
0
0
0
0
0
0
0
0
0
0
0
0
0
0
0
0
0
0
0
0
0
0
0
0
0
0
0
0
0
0
0
0
0
0
0
0
0
0
0
0
0
0
0
0
0
0
0
0
0
0
0
0
0
0
0
0
0
0
0
0
0
0
0
0
0
0
0
0
0
0
0
0
0
0
0
0
0
0
0
0
0
0
0
0
0
0
0
0
0
0
0
0
0
0
0
0
0
0
0
0
0
0
0
0
0
0
0
0
0
0
0
0
0
0
0
0
0
0
0
0
0
0
0
0
0
0
0
0
0
0
0
0
0
0
0
0
0
0
0
0
0
0
0
0
0
0
0
0
0
0
0
0
0
0
0
0
0
0
0
0
0
0
0
0
0
0
0
0
0
0
0
0
0
0
0
0
0
0
0
0
0
0
0
0
0
0
0
0
0
0
0
0
0
0
0
0
0
0
0
0
0
0
0
0
0
0
0
0
0
0
0
0
0
0
0
0
0
0
0
0
0
0
0
0
0
0
0
0
0
0
0
0
0
0
0
0
0
0
0
0
0
0
0
0
0
0
0
0
0
0
0
0
0
0
0
0
0
0
0
0
0
0
0
0
0
0
0
0
0
0
0
0
0
0
0
0
0
0
0
0
0
0
0
0
0
0
0
0
0
0
0
0
0
0
0
0
0
0
0
0
0
0
0
0
0
0
0
0
0
0
0
0
0
0
0
0
0
0
0
0
0
0
0
0
0
0
0
0
0
0
0
0
0
0
0
0
0
0
0
0
0
0
0
0
0
0
0
4197775823
4212980871
4269998658
4222681904
4231202330
4293397888
4222487296
4142071727
4265607592
83627797
4248702031
4116576609
4194563301
4292477879
4293855407
9042336
4283166360
4194235713
4220190183
46137060
7013497
4222685098
92671052
228259966
4270321263
3992057865
4139647206
127204673
129431536
9762872
4290247341
4264951151
4186832471
4199676703
4254595302
4207147511
4161075001
4254659355
58587222
19726208
4268227464
41744517
65012462
4205381917
4086562551
4220844055
122027590
106496098
4276550531
4231790080
4173464259
4051762692
4084267837
4294116141
73860447
4223007258
4135907911
4227986971
24902447
4288937006
4189846389
4127586882
4169596479
4247521893
4232909062
4204529529
37354337
194968324
139853590
4255121309
4176282017
4181132606
4200072254
4719293
153880107
206636784
168886544
140574424
124060536
96994330
44891701
4212521608
4088396314
4154390595
37156893
45153409
4207738733
4203412954
10878159
4287233558
4174118746
4172546554
13764459
133893156
122555376
23004438
4270455694
4289002361
4236183720
4140830916
4214359754
117308372
154795561
34275021
11073160
80672726
48431815
4251451393
4267439189
63895912
98895612
60032122
13040719
13501288
50335458
49286635
4294378972
4269735303
4275893456
4286509751
74447565
198181646
134677965
4155901340
3997106311
4118542489
4257800
46136812
4282450340
4210033829
4178248949
4208261693
4240503464
4249747575
11930900
85590066
64419088
16908760
52823600
73855587
29813616
54721398
110165955
47969665
28047126
199819121
261095835
30542474
4175041880
4524312
65468029
4251778952
4281208822
147326223
139260561
325193
4240376214
4225892727
4205838012
4272619457
10420192
4133290542
3993372488
4136240386
4285463226
4162384932
4064343794
4289331267
247859226
180749369
4265605372
4206557162
4234608769
4204790483
4175561226
4186048614
4169861387
4172283059
4258724406
2230429
4215671401
4205311705
27585941
48954283
4268885593
43515128
164884521
76280090
4244175619
19267997
39519176
4171696090
4213967496
219349221
232124369
4188662659
4100519844
84738363
226360895
103610583
16841048
4292344793
4226612048
4226742471
20641771
17692817
4259509979
40367401
126220986
51380817
4274913323
46267322
46858824
4176742298
4099538333
4250858966
116850433
104269259
10026550
4238932562
4173332139
4112513809
4146525598
4269342458
52299861
28442167
4288409806
19788852
59833936
38011041
4254137750
4195351280
4199939417
4205119494
4162850859
4183361869
65470113
234881037
186713332
2621850
4187356813
4177003015
4210754495
6816642
117508261
160828605
153618247
137429273
84083393
27067460
23920304
4283496310
4182438893
4197643426
63699409
104726418
4257939429
4201577856
5897925
33947905
4228317126
4175364145
4240115481
28315317
40308454
132771
3537966
40106416
4248830532
4086565265
4152231139
139984358
241368958
103153736
66517311
142735416
71565709
4253680238
30668841
119929183
49940363
4283304466
20840386
4294115302
4221242135
4220652829
4263904178
11401924
80606426
119993048
98564705
100402743
65407225
4169335040
4022138698
4153865000
73791310
100138770
6554114
4219142408
4178772114
4258462601
96203836
54000392
4235790993
47581225
197851502
96140311
4289660575
142474362
238874314
117307715
58984061
111017758
86374784
90703070
155716734
4281272925
3999140891
4097182114
106953558
59897892
4150527780
4282124869
212138449
116912814
4207279053
4172087239
4200135618
4229233812
4277337976
4189322518
4008311621
4070309271
35912775
83752117
4235260367
4267900193
145493267
160369877
42662985
4268946390
4234738672
4191617430
4179951311
4170842433
4152820934
4227660945
60356353
38797837
4218423318
4293327249
207548115
196278593
1967349
27132271
255654066
260044284
30145039
4249289200
15533632
4214162407
4143776657
113640803
372702193
197192843
4210552542
4284743948
197265491
179240858
59046314
14351257
4275829594
4271044767
58522061
92994597
40630937
69269983
130940862
36898288
4224189344
4292345558
27132385
4161537263
4102290607
4288476643
124387170
56953222
4288742072
4281989398
4216519273
4167694918
4237948263
11926609
2820534
30344706
110819073
119862758
53477698
4294444551
4255383962
4220845319
4211801544
4174579074
4091088175
4121692710
46727907
226821506
169347816
4261151
4210883746
4189257238
4203545317
4280812778
62851582
69472135
76221389
113771379
79888620
4290117975
4128203
61470596
27587196
4285592297
64224123
98042976
4280091411
4201577811
4265541396
16778228
4249027089
4186111720
4187816993
4212722985
4234153719
4263905060
35126532
101644762
24182467
4120117955
4123722020
121897221
294782272
164234397
84868416
168098648
101777836
4231791366
8191079
149421092
28181991
4168157712
4252762754
26279371
4193125287
4128638948
4248699410
85785159
172881786
222033863
151714821
20645158
4254075171
4200464190
4143640883
4245745420
134805832
140575547
13698183
4238213230
4219207125
4282187014
161479536
172424629
4233430726
4208528181
189793183
221117986
4278584182
48432160
313588445
219282182
4252829302
4285597469
90177166
4293853921
4237233659
4197976670
3990421423
3968925286
47316610
217381335
4222942405
4129883481
156631538
269547205
5436842
4144757442
4214553087
4263377210
4272422274
4258987149
4152227127
4125291958
37420581
210828863
132839077
11795272
11472216
35263302
52167387
72545226
6354803
4195221320
4195941887
4224122152
4189520089
4262723275
152697575
138084643
4247389970
16645961
307165169
327220931
40109676
4250928255
201654735
323289311
112131491
4199415587
4211213817
4231791747
4177657445
9372587
313657531
384039657
119991872
4227398477
22547832
131008914
91815102
20118221
4286643319
195158
54000666
86311165
47251483
37027345
60359455
4265347030
4147774391
4209835697
4290445520
4173005280
4108450519
6878990
133628062
789158
4216260028
9042599
1964098
4215470556
4280088743
53738844
4249618707
4221569815
100466768
181533491
33161795
4190439319
4185129940
4207607322
4205378921
4154196583
4045408244
4048684983
4274128255
175311343
112004792
4260628359
4233362325
4235000339
4204855386
4237886751
2534
4273671853
4271377529
70649044
107479019
26869264
11008994
107542881
145618457
90633422
54983750
24905491
4240311913
4195941735
4236115202
4261872663
4228514806
4198366785
4178116565
4144236575
4147383268
4231464646
67763920
162266178
104333089
4203216763
4140760416
65864357
259329141
174525294
71762177
140639735
110690982
4221960663
4239457545
120258265
37291158
4103931152
4159766731
47250885
4267900513
4124246159
4231921754
147455376
243989723
257097468
177668243
4284023480
4161012967
4200005283
4287689038
82112176
162135157
117508340
4273604611
4222877981
4252106072
4293721620
122487282
188679486
4268688839
4091021081
27592982
246416966
46137822
4217307893
193397927
269025766
4228383145
4099933305
4293394866
4287626993
4104652026
4088923629
4095211564
4055953590
4283038552
278659699
121240665
4131650539
15991740
314769786
180483862
4204262598
4216911952
26016163
12909693
4289527398
4286707625
4257477498
23002777
169740606
199820082
64093549
4199811267
4145681129
4261349482
140113944
119928398
4233952416
4189322727
4268031295
4250795954
4262920534
148111937
190580302
4273408018
4252631910
254673448
343541869
44042664
4155900878
48301238
234621377
127599590
4200069959
4121493341
4179493882
4229692879
4276813636
144510282
331287476
270989224
4280611944
4126279510
4235988574
67764630
45873515
4278254424
4283890604
25427196
22807233
4280877943
4268359562
4264559074
4183950753
4093116492
4155439771
4266393069
4210098051
4145281219
4519805
123535959
4256893510
4131915025
4277402671
80214343
4277074393
4268161827
42860573
4217702259
4093839810
4267574633
165413229
34537999
4105634655
4091674898
4184669415
4213898145
4161207967
4049797590
4016636501
4196795559
96930881
49614923
4218685357
4255644356
20838291
4250074416
4203873085
4235069503
4215606176
4201318852
27002009
143327427
105643379
57014966
126745455
195034159
155122179
51444885
4231136598
4154590830
4178115872
4242733543
4234215691
4191945648
4206034455
4213701726
4146070041
4105963217
4202300837
84083157
201195738
156893823
4280221701
4187159358
7012745
142807150
103616996
38536215
99417576
97780342
4237951032
4206688786
63241818
47973469
4128899012
4118674136
40107430
76021446
4212325391
4228906437
143458937
259851427
228787661
140379469
4278649119
4134469119
4179885058
77198785
201061228
165478236
23661660
4185459202
4176871547
4256169183
4980379
43582507
91884124
4272490329
4070113274
4151968825
131795945
110363951
4202167530
11862951
200935574
1507100
4042586409
4174380396
27000177
4159240904
4057660499
4201051772
4292734069
43513378
209324533
225314620
4270586022
4218945013
195758594
280691135
50983823
4232639700
30669823
47513238
4284547094
20118920
60422129
20971106
13635000
78974613
59835060
4167958988
4003859011
4121167921
133561795
227473865
18611061
4176280675
4255317571
4285268249
4243653327
49284845
131599460
4266920476
4174185246
99616262
234622826
6229031
4095999777
4207279900
82446979
70387815
4245682428
4140823878
4132765181
4236443370
17694000
20121996
117052255
254346426
121303757
4093311301
4030597000
4262528085
97384904
22083652
4269144729
261185
4266131617
4207936093
4214619669
4224187691
4152623035
4095671089
4174968177
4285790747
4262133397
4211210396
15529818
94044991
4231858621
4086497758
4233165601
119864338
55638994
4255316822
4279435461
4194108807
4030596056
4128572076
83625139
58983118
4118936787
4058053030
4184406460
4258921014
4212259768
4106484999
4051238115
4157866316
16059436
4290187479
4203611894
4288870996
115931100
45677612
4210622609
4191814971
4190832705
4184344130
4260710
162988848
182255828
123993157
134741275
175636820
154206239
52362550
4187291673
4083679657
4156029825
4284151785
4265672036
4178510197
4206689807
4269144931
4208786988
4120773105
4181459951
66651449
195823302
164104012
23462542
4235262710
4274650765
12717739
4266726455
4281534025
90635332
100991044
4274913041
4238079715
41286365
46007306
4200726046
4169725236
33553344
123798313
26017254
4260559782
78644480
188615698
156175110
63768352
4270981085
4183685090
4197578484
86047187
246348702
160039485
4210035394
4071557058
4132371831
4259904182
14941793
4287234834
4267247957
4226156497
4131126050
4121622944
4282648824
96078520
3799755
4250139341
72288390
66650606
4176474190
4166382334
42466621
21690634
4170052682
4266194618
186184740
186709882
98896844
117314373
79363991
4256233263
20121784
193596816
169671276
15528288
4286053183
22020583
4263706905
4259119203
52690434
24706799
4168092101
4150792253
4263970485
4212456526
4004380000
4025942256
66191622
278134949
115867081
4197775823
4212980871
4269998658
4222681904
4231202330
4293397888
4222487296
4142071727
4265607592
83627797
4248702031
4116576609
4194563301
4292477879
4293855407
9042336
4283166360
4194235713
4220190183
46137060
7013497
4222685098
92671052
228259966
4270321263
3992057865
4139647206
127204673
129431536
9762872
4290247341
4264951151
4186832471
4199676703
4254595302
4207147511
4161075001
4254659355
58587222
19726208
4268227464
41744517
65012462
4205381917
4086562551
4220844055
122027590
106496098
4276550531
4231790080
4173464259
4051762692
4084267837
4294116141
73860447
4223007258
4135907911
4227986971
24902447
4288937006
4189846389
4127586882
4169596479
4247521893
4232909062
4204529529
37354337
194968324
139853590
4255121309
4176282017
4181132606
0
0
0
0
0
0
0
0
0
0
0
0
0
0
0
0
0
0
0
0
0
0
0
0
0
0
0
0
0
0
0
0
0
0
0
0
0
0
0
0
0
0
0
0
0
0
0
0
0
0
0
0
0
0
0
0
0
0
0
0
0
0
0
0
0
0
0
0
0
0
0
0
0
0
0
0
0
0
0
0
0
0
0
0
0
0
0
0
0
0
0
0
0
0
0
0
0
0
0
0
0
0
0
0
0
0
0
0
0
0
0
0
0
0
0
0
0
0
0
0
0
0
0
0
0
0
0
0
0
0
0
0
0
0
0
0
0
0
0
0
0
0
0
0
0
0
0
0
0
0
0
0
0
0
0
0
0
0
0
0
0
0
0
0
0
0
0
0
0
0
0
0
0
0
0
0
0
0
0
0
0
0
0
0
0
0
0
0
0
0
0
0
0
0
0
0
0
0
0
0
0
0
0
0
0
0
0
0
0
0
0
0
0
0
0
0
0
0
0
0
0
0
0
0
0
0
0
0
0
0
0
0
0
0
0
0
0
0
0
0
0
0
0
0
0
0
0
0
0
0
0
0
0
0
0
0
0
0
0
0
0
0
0
0
0
0
0
0
0
0
0
0
0
0
0
0
0
0
0
0
0
0
0
0
0
0
0
0
0
0
0
0
0
0
0
0
0
0
0
0
0
0
0
0
0
0
0
0
0
0
0
0
0
0
0
0
0
0
0
0
0
0
0
0
0
0
0
0
0
0
0
0
0
0
0
0
0
0
0
0
0
0
0
0
0
0
0
0
0
0
0
0
0
0
0
0
0
0
0
0
0
0
0
0
0
0
0
0
0
0
0
0
0
0
0
0
0
0
0
0
0
0
0
0
0
0
0
0
0
0
0
0
0
0
0
0
0
0
0
0
0
0
0
0
0
0
0
0
0
0
0
0
0
0
0
0
0
0
0
0
0
0
0
0
0
0
0
0
0
0
0
0
0
0
0
0
0
0
0
0
0
0
0
0
0
0
0
0
0
0
0
0
0
0
0
0
0
0
0
0
0
0
0
0
0
0
0
0
0
0
0
0
0
0
0
0
0
0
0
0
0
0
0
0
0
0
0
0
0
0
0
0
0
0
0
0
0
0
0
0
0
0
0
0
0
0
0
0
0
0
0
0
0
0
0
0
0
0
0
0
0
0
0
0
0
0
0
0
0
0
0
0
0
0
0
0
0
0
0
0
0
0
0
0
0
0
0
0
0
0
0
0
0
0
0
0
0
0
0
0
0
0
0
0
0
0
0
0
0
0
0
0
0
0
0
0
0
0
0
0
0
0
0
0
0
0
0
0
0
0
0
0
0
0
0
0
0
0
0
0
0
0
0
0
0
0
0
0
0
0
0
0
0
0
0
0
0
0
0
0
0
0
0
0
0
0
0
0
0
0
0
0
0
0
0
0
0
0
0
0
0
0
0
0
0
0
0
0
0
0
0
0
0
0
0
0
0
0
0
0
0
0
0
0
0
0
0
0
0
0
0
0
0
0
0
0
0
0
0
0
0
0
0
0
0
0
0
0
0
0
0
0
0
0
0
0
0
0
0
0
0
0
0
0
0
0
0
0
0
0
0
0
0
0
0
0
0
0
0
0
0
0
0
0
0
0
0
0
0
0
0
0
0
0
0
0
0
0
0
0
0
0
0
0
0
0
0
0
0
0
0
0
0
0
0
0
0
0
0
0
0
0
0
0
0
0
0
0
0
0
0
0
0
0
0
0
0
0
0
0
0
0
0
0
0
0
0
0
0
0
0
0
0
0
0
0
0
0
0
0
0
0
0
0
0
0
0
0
0
0
0
0
0
0
0
0
0
0
0
0
0
0
0
0
0
0
0
0
0
0
0
0
0
0
0
0
0
0
0
0
0
0
0
0
0
0
0
0
0
0
0
0
0
0
0
0
0
0
0
0
0
0
0
0
0
0
0
0
0
0
0
0
0
0
0
0
0
0
0
0
0
0
0
0
0
0
0
0
0
0
0
0
0
0
0
0
0
0
0
0
0
0
0
0
0
0
0
0
0
0
0
0
0
0
0
0
0
0
0
0
0
0
0
0
0
0
0
0
0
0
0
0
0
0
0
0
0
0
0
0
0
0
0
0
0
0
0
0
0
0
0
0
0
0
0
0
0
0
0
0
0
0
0
0
0
0
0
0
0
0
0
0
0
0
0
0
0
0
0
0
0
0
0
0
0
0
0
0
0
0
0
0
0
0
0
0
0
0
0
0
0
0
0
0
0
0
0
0
0
0
0
0
0
0
0
0
0
0
0
0
0
0
0
0
0
0
0
0
0
0
0
0
0
0
0
0
0
0
0
0
0
0
0
0
0
0
0
0
0
0
0
0
0
0
0
0
0
0
0
0
0
0
0
0
0
0
0
0
0
0
0
0
0
0
0
0
0
0
0
0
0
0
0
0
0
0
0
0
0
0
0
0
0
0
0
0
0
0
0
0
0
0
0
0
0
0
0
0
0
0
0
0
0
0
0
0
0
0
0
0
0
0
0
0
0
0
0
0
0
0
0
0
0
0
0
0
0
0
0
0
0
0
0
0
0
0
0
0
0
0
0
0
0
0
0
0
0
0
0
0
0
0
0
0
0
0
0
0
0
0
0
0
0
0
0
0
0
0
0
0
0
0
0
0
0
0
0
0
0
0
0
0
0
0
0
0
0
0
0
0
0
0
0
0
0
0
0
0
0
0
0
0
0
0
0
0
0
0
0
0
0
0
0
0
0
0
0
0
0
0
0
0
0
0
0
0
0
0
0
0
0
0
0
0
0
0
0
0
0
0
0
0
0
0
0
0
0
0
0
0
0
0
0
0
0
0
0
0
0
0
0
0
0
0
0
0
0
0
0
0
0
0
0
0
0
0
0
0
0
0
0
0
0
0
0
0
0
0
0
0
0
0
0
0
0
0
0
0
0
0
0
0
0
0
0
0
0
0
0
0
0
0
0
0
0
0
0
0
0
0
0
0
0
0
0
0
0
0
0
0
0
0
0
0
0
0
0
0
0
0
0
0
0
0
0
0
0
0
0
0
0
0
0
0
0
0
0
0
0
0
0
0
0
0
0
0
0
0
0
0
0
0
0
0
0
0
0
0
0
0
0
0
0
0
0
0
0
0
0
0
0
0
0
0
0
0
0
0
0
0
0
0
0
0
0
0
0
0
0
0
0
0
0
0
0
0
0
0
0
0
0
0
0
0
0
0
0
0
0
0
0
0
0
0
0
0
0
0
0
0
0
0
0
0
0
0
0
0
0
0
0
0
0
0
0
0
0
0
0
0
0
0
0
0
0
0
0
0
0
0
0
0
0
0
0
0
0
0
0
0
0
0
0
0
0
0
0
0
0
0
0
0
0
0
0
0
0
0
0
0
0
0
0
0
0
0
0
0
0
0
0
0
0
0
0
0
0
0
0
0
0
0
0
0
0
0
0
0
0
0
0
0
0
0
0
0
0
0
0
0
0
0
0
0
0
0
0
0
0
0
0
0
0
0
0
0
0
0
0
0
0
0
0
0
0
0
0
0
0
0
0
0
0
0
0
0
0
0
0
0
0
0
0
0
0
0
0
0
0
0
0
0
0
0
0
0
0
0
0
0
0
0
0
0
0
0
0
0
0
0
0
0
0
0
0
0
0
0
0
0
0
0
0
0
0
0
0
0
0
0
0
0
0
0
0
0
0
0
0
0
0
0
0
0
0
0
0
0
0
0
0
0
0
0
0
0
0
0
0
0
0
0
0
0
0
0
0
0
0
0
0
0
0
0
0
0
0
0
0
0
0
0
0
0
0
0
0
0
0
0
0
0
0
0
0
0
0
0
0
0
0
0
0
0
0
0
0
0
0
0
0
0
0
0
0
0
0
0
0
0
0
0
0
0
0
0
0
0
0
0
0
0
0
0
0
0
0
0
0
0
0
0
0
0
0
0
0
0
0
0
0
0
0
0
0
0
0
0
0
0
0
0
0
0
0
0
0
0
0
0
0
0
0
0
0
0
0
0
0
0
0
0
0
0
0
0
0
0
0
0
0
0
0
0
0
0
0
0
0
0
0
0
0
0
0
0
0
0
0
0
0
0
0
0
0
0
0
0
0
0
0
0
0
0
0
0
0
0
0
0
0
0
0
0
0
0
0
0
0
0
0
0
0
0
0
0
0
0
0
0
0
0
0
0
0
0
0
0
0
0
0
0
0
0
0
0
0
0
0
0
0
0
0
0
0
0
0
0
0
0
0
0
0
0
0
0
0
0
0
0
0
0
0
0
0
0
0
0
0
0
0
0
0
0
0
0
0
0
0
0
0
0
0
0
0
0
0
0
0
0
0
0
0
0
0
0
0
0
0
0
0
0
0
0
0
0
0
0
0
0
0
0
0
0
0
0
0
0
0
0
0
0
0
0
0
0
0
0
0
0
0
0
0
0
0
0
0
0
0
0
0
0
0
0
0
0
0
0
0
0
0
0
0
0
0
0
0
0
0
0
0
0
0
0
0
0
0
0
0
0
0
0
0
0
0
0
0
0
0
0
0
0
0
0
0
0
0
0
0
0
0
0
0
0
0
0
0
0
0
0
0
0
0
0
0
0
0
0
0
0
0
0
0
0
0
0
0
0
0
0
0
0
0
0
0
0
0
0
0
0
0
0
0
0
0
0
0
0
0
0
0
0
0
0
0
0
0
0
0
0
0
0
0
0
0
0
0
0
0
0
0
0
0
0
0
0
0
0
0
0
0
0
0
0
0
0
0
0
0
0
0
0
0
0
0
0
0
0
0
0
0
0
0
0
0
0
0
0
0
0
0
0
0
0
0
0
0
0
0
0
0
0
0
0
0
0
0
0
0
0
0
0
0
0
0
0
0
0
0
0
0
0
0
0
0
0
0
0
0
0
0
0
0
0
0
0
0
0
0
0
0
0
197588646
288750132
80608531
4104715924
4238998941
215153935
89587172
4084006532
4084596850
4232381185
4246602086
4291100163
128843550
98959357
4254661197
4284020189
111147358
139000586
145617820
124579227
4256494347
4145609960
4276616876
104331176
71430805
148829701
325188480
232979658
4236312472
4147447372
4238476934
4252106544
4229299665
4266918195
4294376129
7991711
4292016186
4179887283
4094231302
4224122128
72614763
14813875
4278060603
81723884
31393252
4185720468
4290380013
136053056
4260956299
4115925678
28378474
210698433
119143929
72742934
145813695
104919064
84342900
239731495
263195326
40832550
4226287971
8256517
25228525
45809451
184158754
222429907
120321451
111605183
104397536
4210817213
4120508514
12976295
115803943
4269213227
4186702294
4211538529
4163498869
4177327871
37158838
39321105
4166579950
4173724157
3670618
4241949562
4165992965
4284875706
44433753
4222286461
4263901663
174915318
179961558
38664549
71235484
163838670
84802699
11598361
97777733
139524906
57474410
44955831
104199334
64289525
4279304830
4287692422
4259772529
4124245782
4126477258
66654059
183371818
4282121459
4150261000
73397496
278329246
103741036
4133747098
4167632658
41553196
55574418
4294111818
3995559
11010887
52954779
182322347
185859933
4250465852
4128961172
42858288
250738740
167769075
9041003
47380112
219673664
320862248
226362710
4284155967
4161469510
5437605
179700691
187434626
184350993
236647118
96731062
4088924971
4040754014
4285069243
84016826
4220587570
4177988667
63241632
180354147
107677688
4286253973
4239591468
4287892167
108137767
148637736
28444484
4192930961
4180347217
4192207091
4202169534
23661845
116590449
4250140035
4048814524
4169730835
105646326
30278161
4111991715
4113238214
4179625500
4137877221
4241162039
209258091
194578145
4203413210
4174904722
145229334
228919357
74842319
4278845055
4236444142
4129423253
4109827279
4201644991
4190505429
4096525424
4086496936
4082565769
4048029863
4177922282
105448345
88210627
4187487176
4134863126
4169072583
4111005062
4145148713
105380650
297008277
230684719
97385532
65864220
67043177
8519719
4214687952
4224780344
94830285
205455148
70321231
4209573411
4277925546
50395847
4233035587
4221697313
84737573
52298043
4174183816
4282186039
214432433
93649520
4123785010
4135844153
4227727019
4147380437
4130013208
4258658864
4279495891
4259308320
126412367
241364814
73332724
4193844930
4223466109
4235062539
4126928212
4068933200
4083484164
4110614771
4210361498
13110403
4238345573
4138400447
4209966915
4294445445
4228714355
4176221651
4219541070
4214753977
4193060254
4284551097
77468226
62391785
93847735
185337170
154010244
61537758
88605668
112854682
2358196
4242273609
33356886
45154274
4256495977
4281792083
54917662
4272880351
4186699489
4241552813
4254792094
4145347840
4147837629
4283692629
4288935914
4200070860
4284678312
130873574
19525564
4095996201
4109762566
4233039565
4149349644
3987079664
4084335345
84020097
243205415
175699884
45808961
4277210557
17174011
117572054
156630065
56491042
4259053306
39848668
147395861
56102314
4148101553
4111533076
4247849677
4291889267
4145480598
4033150790
4159174617
99809283
151913804
4280552116
4153146760
4171429106
4142137032
4042262398
4172612077
240254106
346751526
51709728
4179820640
111605141
260502755
35781809
4131585527
4258199028
152761039
178714596
137951248
75166263
4279497521
15071685
169999153
195820495
72221193
31064787
32635154
4213306942
4175626857
58657294
121962701
4204197764
4099145006
4273800631
86770483
4285923146
4214948992
4174382518
4041406763
4002935434
4184080187
1116110
4178049814
4089180220
4175755512
4283564614
59310090
141951140
170788122
140508994
174388935
238418768
213582714
196674045
266927349
227146299
6944977
4192861621
43189992
188090266
157811824
81333167
33493378
4215408146
4064213604
4051500777
4203283526
32440465
18415690
8651669
113311808
146734460
4246667560
4071358569
4174511331
32834366
4250536511
4150396137
4253417300
27787556
4202298883
4172740759
16973318
4287365861
4091542420
4113234301
55772174
137955009
64159275
91880478
136118258
2556262
4129687694
4078310220
4028501981
3989701298
4152295031
103874745
108921620
4234021881
4232188713
109971841
181468570
87818313
4277010724
4230477786
4216388209
4211083569
4193323322
4187552753
4260886210
71431832
67564717
4259969958
4208985378
4230872630
4218156071
4155571173
4112647408
4111466262
4148755572
4224320493
262691
32504452
54002065
74320922
76809619
94764016
132382811
117572901
76414825
122289226
193331503
154993201
115997968
203946738
234224807
81067212
4293458734
114227451
137295361
4252366564
4189847609
77990054
233701648
231796749
223538868
244121363
172360859
4287035062
4097765767
4020371410
4141090546
56556645
90371855
4201316163
4063298954
4122740416
4245227363
4290969388
4271698273
4256691254
4293330397
46140041
392994
4197448305
4217569662
5900280
4202760512
3983868788
3979540076
4196331819
4289658243
4197648559
4220322463
95877517
56031671
4028233707
3880906901
4149670470
90439262
4201383165
3972465127
4149739495
134415347
48957507
4095215371
4067557861
4153409714
4166780562
4213508762
4275701081
4187553242
4099865644
4217502857
28114076
4239131232
4219537908
57083165
39581644
4163958804
4182443794
57281460
47251341
4200724875
4204396814
31720417
96731515
98437959
77338355
28052608
4286249935
4285531013
4279637156
4269608969
4263575739
4207803937
4129423267
4127062954
4144561785
4076406599
4029023610
4111596883
4174118288
4101505486
4068475938
4214688154
85461903
74711223
4238604116
4191222478
3341376
120846218
127467300
111415135
144510958
97256343
4241751793
4198039740
4270259959
4225826171
4133748505
4267049194
176948436
118753013
4256825106
19265425
114752894
3933185
4181983419
4236706425
4267510417
4183033450
4181786138
4288153155
4290711118
4164616687
4085970756
4094361649
4093642614
4093182686
4196729571
98895285
242810850
246873889
154929962
1642197
4116841509
4083875332
4288675213
153942151
3471354
4087611500
4154065738
36831568
54593219
45680734
158661540
219346148
123797186
9176204
4236640083
4221238682
44694793
209581637
192280229
75563236
128450834
267515929
247265702
145555276
120191374
78705972
4274322421
4272552983
65991293
56161373
4248240134
4222156911
4284086903
10092184
4251321343
4214030159
4250139708
4279632322
4218356704
4173922350
4279370131
96273968
22873304
4216783541
24446339
184091287
138540500
4230541714
4075814471
4064282050
4186306958
37220348
91880593
144575297
288752823
306312825
56030619
4173396807
44694233
268564591
250410775
112325562
3012007
4206362886
4210689138
43578933
101575553
41874501
52363213
126483673
125367283
156955581
290127331
266602986
29690731
4246667078
130086151
173406406
4261871558
4198302014
139790279
299832118
131993415
4235328645
64943586
291635249
210895653
4243454069
4244960210
176618527
225379321
96207793
72351431
99351018
13105856
4262003483
40175982
10356314
4184604963
4243324760
89586658
10025476
4154655571
4246342854
122029141
73398065
4232576328
4260170528
61147340
24969009
4221369988
4253285343
86569602
95680281
4269148411
4259318332
108526094
139851626
2426238
4256173179
56429130
68160194
31328482
121569609
197459916
85132420
4271375194
48299773
137362916
88340608
4266520730
4188796514
4213376288
18679760
20971802
4192141331
4196597330
78640120
135327797
48233620
81267123
173476774
113445252
58329752
135007277
96405652
4207804341
4191222773
4064468
4236971245
4134602315
4236770845
60096950
19530360
4291295486
38598777
4285333908
4217175280
4263112995
8648948
4271311054
3278122
73464289
49413003
4249353621
4135646817
3998217484
3968006715
4144887740
54195872
123405374
95752256
4253420669
4055107572
4083354650
51645733
116590522
4206297935
4134600479
4201053169
4074832045
3905816187
4019454392
4223073109
4251123354
4214686147
4149476663
3975215680
3918592645
4110677504
4191351195
4017353882
3973641958
4150064358
4211144828
4174381041
4283629548
73858509
4242539262
4185261579
64487544
167050947
65078363
15533212
101777621
130483389
62917133
43714152
102105941
127731670
61343617
4276879225
1572592
83363239
69665756
4230413861
4146857315
4255060249
196545912
325649010
175309734
4219865516
4206821761
55177695
4283953096
4108188720
4227139386
199428348
152503513
4192075811
4135977049
4250666750
51710865
169019082
220660040
18155192
4077785097
4124315061
4256891467
4192665186
4071949614
4043180021
4026465776
4084003419
4281005224
41026041
4113303787
3999466474
4207804333
76742822
4256889240
4146457374
4238077234
22283143
4210232944
4083155157
4148492465
31721235
71897543
4251649738
4227398251
57998655
105645256
34801762
63048284
187828030
204209987
152764250
177539187
155716426
1640348
4256368884
139593930
215678670
17627931
4154066583
4271246160
125959971
57473156
4237820205
4282386316
12387976
4152887286
4094559821
25754338
165541108
4252892474
4096721553
4294376275
189723691
107148225
25949289
61208194
4278713175
4157865120
4247583498
96730657
41746992
4220584236
4214293380
4258729232
49745586
162267753
137361836
23723748
56231586
103680171
4213443188
4051897491
4195682107
67959688
22410618
4289591739
67370639
48495891
4456000
76286267
105844878
51775400
112917801
191758838
66718062
4223140909
4259839792
4267574754
4202170588
4278583569
77201582
4267837950
4212459358
73595177
114489080
4246012217
4215342323
48497695
104926069
152507197
232329354
122555145
4192012180
4185456188
47903762
137754858
216270472
256772102
76152573
4179820091
4270655472
90640105
5836413
34605974
236521741
188090167
4204004661
4126408903
4223269985
4249878115
16188605
103876118
4257350084
4063625091
4168286332
22675298
4188207916
4072797764
4171624889
4170313539
4041863214
4121031202
4276024169
4157469997
3985897124
4085970684
4222744908
4157996283
4115987563
4228119088
4280876516
4214096537
4207018074
4282711986
22808584
10488835
7603182
16580649
63047630
173541509
221182872
49935276
4107794734
4153343897
145424810
211158680
4251782810
4156494381
95030611
195166583
4274910956
4166056255
30803473
128191532
57214206
4283235534
4187028765
4069917184
4193518910
202376561
241108330
526720
4216000324
77139574
165611980
100535652
4270396781
4135784565
4145873053
85523216
237699725
73073710
4172152040
4203806570
4263710145
4222816051
4289526509
191360242
248051878
117769588
31980027
72608388
105116384
43647921
4246078094
4236965938
28440098
65140412
4255249756
4149869044
4186701538
4278581427
32699073
103938301
175439186
84146066
4204984365
4259709325
218890295
265287044
35911153
4237950654
116325775
210760939
143520448
197588646
288750132
80608531
4104715924
4238998941
215153935
89587172
4084006532
4084596850
4232381185
4246602086
4291100163
128843550
98959357
4254661197
4284020189
111147358
139000586
145617820
124579227
4256494347
4145609960
4276616876
104331176
71430805
148829701
325188480
232979658
4236312472
4147447372
4238476934
4252106544
4229299665
4266918195
4294376129
7991711
4292016186
4179887283
4094231302
4224122128
72614763
14813875
4278060603
81723884
31393252
4185720468
4290380013
136053056
4260956299
4115925678
28378474
210698433
119143929
72742934
145813695
104919064
84342900
239731495
263195326
40832550
4226287971
8256517
25228525
45809451
184158754
222429907
120321451
111605183
104397536
4210817213
4120508514
12976295
115803943
4269213227
4186702294
4211538529
4163498869
4177327871
37158838
39321105
41878807
34342082
26870915
19661917
12911696
6816860
1574013
4292215985
4289070322
4287235386
4286711171
4287628741
4289922554
4293592603
3606051
9635340
16582099
24184181
32113905
40043592
47580027
54461072
60162442
64487535
67043144
67567131
65797360
61602767
54983360
45808074
34404595
20772927
5240755
4283168592
4265080600
4246402825
4227659553
4209440605
4192270264
4176803885
4163500213
4152817993
4145281507
4141087357
4140563216
4143774615
4150721550
4161272946
4175232192
4192271608
4211932442
4233690408
4256955684
4281072914
10419447
34274519
57081015
78052508
96795787
112786568
125697175
135134393
141098225
143457599
142278050
137887256
130547357
120586031
108527559
94830689
80216312
65208708
50332160
36176487
23134901
11797221
2360052
4290052833
4285203115
4282712659
4282515931
4284547398
4288479385
4294049752
5766923
13237815
20970851
28572823
35519449
41417518
45873822
48626220
49412572
48036274
44562861
38861263
31193621
21756543
10746631
4293589930
4280745059
4267572523
4254531069
4242079442
4230676388
4220584044
4212392229
4206232011
4202365529
4200858315
4201841440
4205249367
4210951022
4218749800
4228318022
4239459083
4251648698
4264559191
4277797350
4290838894
8323314
19791991
29884418
38403991
44891962
49282797
51445429
51314322
48889476
44236429
37617324
29097695
19070757
7667578
4290314204
4277338183
4264165561
4251058476
4238344605
4226417162
4215538285
4205904581
4197778190
4191355719
4186702701
4183884672
4182967166
4183950185
4186702657
4191159046
4197122748
4204462691
4212916735
4222353810
4232380704
4242866347
4253548598
4264165318
4274388829
4283956990
4292804266
5635686
12254769
17563150
21429756
23789053
24641040
23985716
21888616
18349738
13565688
7667536
851887
4288217106
4280221814
4271898840
4263641399
4255646093
4248175067
4241359388
4235526736
4230808181
4227269258
4225172110
4224385665
4225040996
4227072568
4230349309
4234805684
4240245089
4246470915
4253155487
4260167732
4267311047
4274061144
4280352490
4285922943
4290510360
4293983672
1244510
2096397
1572037
4294704262
4291624018
4287364137
4282186762
4276222966
4269800429
4263050224
4256431102
4250139671
4244372539
4239522923
4235656359
4233034990
4231724353
4231855520
4233362955
4236181121
4240310017
4245487499
4251516957
4258201782
4265214292
4272292340
4279108244
4285399857
4290839496
263253
3409108
5113155
5309852
3933663
1115654
4291823120
4286318076
4279698887
4272293233
4264363258
4256236644
4248175537
4240507620
4233626112
4227662090
4222877703
4219600637
4217765361
4217437419
4218747888
4221500167
4225628724
4230936958
4237228265
4244174968
4251449391
4258789390
4265932822
4272486471
4278188190
4282841368
4286183858
4288215653
4288740142
4287822853
4285529316
4281925060
4277272222
4271701869
4265476137
4259119311
4252696921
4246733253
4241424912
4237034041
4233953856
4232249895
4232184304
4233757085
4237099317
4242079930
4248567860
4256563112
4265606939
4275502739
4286053911
1768875
12385619
22478100
31784175
39910630
46726394
51903786
55246196
56688087
56229455
53870295
49676139
43712518
36307107
27722044
18088397
7864913
4292215491
4281598753
4271244136
4261479317
4252566441
4244702115
4238148484
4232971087
4229235462
4227072684
4226482758
4227334615
4229628261
4233232629
4238016650
4243718185
4250402774
4257611668
4265344871
4273340239
4281532238
4289789796
3014545
11010003
18743336
26280078
33554688
40501627
47186427
53543549
59572986
65405808
70910939
76153912
81003651
85591227
89785565
93455595
96601314
99091653
100861076
101778514
101778434
100795301
98698049
95421144
90964590
85328391
78447014
70385999
61341957
51249353
40304797
28770436
16646268
4325510
4286840994
4274520269
4262592774
4251189579
4240638361
4231004652
4222485057
4215276181
4209378021
4204856110
4201775980
4200137629
4199875519
4200858576
4203021264
4206166973
4210164631
4214883167
4219994902
4225368766
4230742617
4236050920
4240965999
4245356785
4249157744
4252237807
4254400370
4255579899
4255907468
4255252009
4253744596
4251450766
4248436056
4244766003
4240702753
4236377376
4231920946
4227464532
4223204744
4219403722
4216061467
4213374583
4211474142
4210360142
4210229188
4210884671
4212523196
4215013689
4218356148
4222353964
4227007135
4232053514
4237427563
4242932675
4248372238
4253615180
4258464892
4262855836
4266525868
4269540524
4271703195
4273079418
4273603656
4273275910
4272292790
4270719832
4268622574
4266263163
4263838208
4261478783
4259447036
4257939578
4257218555
4257415042
4258660114
4261084846
4264754776
4269800979
4276092385
4283694530
4292345272
7011779
17366498
28179989
39255641
50134701
60686094
70385528
79101927
86376536
92143814
96076078
98042251
98042329
95945237
91882043
85852747
78250562
69141023
58917347
47972750
36634915
25362596
14549012
4718456
4291034835
4283956780
4278713735
4275698921
4274846808
4276354007
4280220523
4286184216
4294179552
8977094
20118218
32242413
44890924
57605000
69925884
81329285
91421983
99810757
106102387
110100259
111476688
110166134
106299663
99811736
91030029
80085612
67371700
53347043
38339322
23003897
7668451
4287890105
4274127488
4261806649
4251320810
4242866582
4236706113
4232970479
4231659683
4232642656
4235919400
4241162237
4248043488
4256235474
4265344979
4274913249
4284547067
4293787680
7405645
14876800
21102774
25755885
28705058
29950293
29557122
27591081
24248777
19792354
14483956
8651263
2687493
4291953159
4286710278
4282384900
4279108099
4277207555
4276814342
4277993997
4280680985
4284875306
4290445886
2097750
9699951
17826442
26215074
34472631
42336966
49414861
55509706
60293819
63636127
65471094
65667647
64291323
61473196
57409874
52232432
46334090
39911460
33488832
27197284
21495570
16580304
12844704
10419845
9502339
10157722
12320460
16056087
21102460
27394039
34472070
42205477
50201038
58131070
65602349
72287191
77857910
82117892
84804989
85788123
85067291
82576955
78448185
72812052
65930702
58131815
49612002
40895556
32244625
24117966
16777728
10617134
5898333
2817939
1507030
2096681
4455826
8584467
14285999
21363815
29424699
38206507
47381557
56425559
65010830
72809686
79428907
84606346
88079854
89718354
89325237
87031569
82771812
76742572
69140454
60162067
50266161
39780417
28966978
18219063
7995424
4293525502
4285202388
4278255523
4272815981
4269080371
4267048694
4266786488
4268228217
4271177274
4275502587
4280942013
4287233407
4294114625
6421764
13630663
20708491
27327569
33356825
38599652
42990516
46529418
49216360
51116879
52296513
53017409
53345104
53541743
53803935
54197217
55049269
56425625
58391821
61078927
64421404
68484784
73072456
78118880
83296371
88604925
93716858
98304486
102236732
105120378
106824350
107086502
105710225
102629985
97780246
91095475
82706748
72614069
61145122
48430985
34602736
20119131
5242321
4285267285
4270587117
4256496797
4243258470
4231134282
4220320843
4211080295
4203478173
4197514475
4193254732
4190633406
4189584954
4189912765
4191420225
4193910721
4197122106
4200923303
4204921093
4208984402
4212851086
4216390072
4219404753
4221764059
4223336922
4224254416
4224385474
4223861172
4222747051
4221174187
4219208120
4217045462
4214948359
4212982347
4211409572
4210295568
4209836942
4210164762
4211344559
4213507400
4216587745
4220716657
4225828595
4231858017
4238739380
4246472679
4254795767
4263774176
4273145761
4282779449
4292675243
7669241
17564968
27329597
36832065
46006842
54788401
63111215
70975292
78184033
84802981
90701070
95943841
100531297
104266831
107281517
109444279
110755114
111148480
110689907
109182779
106692624
103284968
98894267
93520512
87163696
79823810
71697458
62653564
52954269
42599573
31655013
20382737
8848284
4292084493
4280484459
4269015486
4257874190
4247191652
4237230023
4227923776
4219469524
4211998345
4205575778
4200267361
4196138630
4193189583
4191420217
4190896062
4191486041
4193255681
4196073903
4199940699
4204659450
4210295687
4216587256
4223468616
4230808690
4238541939
4246471752
4254532595
4262462326
4270195412
4277600788
4284481851
4290773075
1441635
6094453
9829779
12516549
14089234
14482307
13630237
11664099
8452824
4193020
4293786447
4287560652
4280482926
4272815408
4264623625
4256300785
4247846880
4239589580
4231791020
4224713336
4218422057
4213244856
4209247264
4206691423
4205577329
4206101593
4208133143
4211803054
4217045796
4223730301
4231659969
4240769271
4250796069
4261609300
4272815755
4284153296
523560
11467929
21888036
31456206
40041366
47446907
53607293
58325913
61602763
63503376
63962211
63175870
61144351
58129792
54197726
49610294
44498564
39124680
33619712
28245804
23134030
18415461
14286708
10747772
7864192
5767042
4325250
3538820
3407751
3800973
4652949
5832605
7274406
8716204
10157999
11468714
12582812
13303683
13565788
13434661
12844765
11665028
10026523
7863715
5307679
2358416
4293983229
4290444136
4286642904
4282776145
4278909402
4275108214
4271438124
4267964671
4264818931
4262000905
4259707202
4257872286
4256627227
4256037558
4256103275
4256955444
4258528522
4260953574
4264165058
4268228500
4273078359
4278780162
4285202832
4292411900
5243457
13566557
22282832
31261210
40239549
49086782
57540769
65535980
72548135
78577242
83295627
86441156
87948299
87554920
85129952
80673400
74054194
65403409
54655509
42138171
27851394
12188389
4290378591
4272815081
4254923901
4236967189
4219534760
4202954290
4187618988
4174053138
4162518879
4153343891
4146724779
4142989225
4142137230
4144299870
4149346077
4157210321
4167695998
4180540972
4195417569
4211932577
4229692788
4248239452
4267113822
4285857146
9108915
26344966
42204786
56426228
68747142
78905379
86835396
92471652
95814138
96928385
95945459
93127498
88605570
82707353
75760525
67961695
59704080
51249829
42926625
34865547
27328745
20512834
14614431
9502471
5373569
2162195
4294835651
4293393812
4292672905
4292541859
4293000673
4293787200
4294901436
1113935
2424818
3539102
4718922
5767661
6619776
7406329
8061778
8717190
9372560
10093422
11010847
12124836
13500929
15270203
17432664
20119392
23133789
26606935
30473307
34798448
39385762
44235255
49281401
54458668
59701525
64878902
69925262
74840605
79428317
83753930
87686363
91225610
94371660
96927895
99090913
100729633
101909581
102499678
102565452
102106898
100992940
99354650
97060954
94111854
90572891
86378533
81594321
76154728
70125297
63637106
56690165
49415551
41878807
34342082
26870915
19661917
12911696
6816860
1574013
4292215985
4289070322
4287235386
4286711171
4287628741
4289922554
4293592603
3606051
9635340
16582099
24184181
32113905
40043592
47580027
54461072
60162442
64487535
67043144
67567131
65797360
61602767
54983360
45808074
34404595
20772927
5240755
4283168592
4265080600
4246402825
4227659553
4209440605
4192270264
4176803885
4163500213
4152817993
4145281507
4141087357
4140563216
4143774615
4150721550
4161272946
4175232192
4192271608
4211932442
4233690408
4256955684
4281072914
10419447
34274519
57081015
78052508
96795787
112786568
125697175
135134393
141098225
143457599
142278050
137887256
130547357
120586031
108527559
94830689
80216312
65208708
4253023361
4274322604
1178853
23002408
44039535
63700405
81329655
96402991
108461658
117243511
122420867
124059264
122027630
116719184
108264999
97189369
84016586
69270941
53673337
37813603
22412637
8191341
4290575765
4280221143
4272487988
4267769516
4266196798
4267769829
4272488608
4280156520
4290511417
7996173
22217693
37487780
53216602
68814330
83625600
96929512
108332846
117245777
123275089
126224174
125896427
122226315
115279378
105317765
92669163
77661256
60752803
42599170
23659114
4653536
4281008489
4263379206
4247322811
4233166983
4221304940
4211998822
4205445237
4201709716
4200661185
4202234103
4206231859
4212261230
4220060071
4229104089
4239131137
4249551391
4260037167
4270129715
4279566891
4287889945
512
5636578
9765315
12255656
13304211
12910985
11207054
8520099
4981195
918024
4291494488
4287038139
4282712879
4278715312
4275242043
4272293068
4270064987
4268426725
4267443811
4266919631
4266788645
4266854239
4266919803
4266919798
4266526542
4265608963
4264101527
4261807627
4258661731
4254663845
4249813973
4244177659
4237885979
4231135550
4224122985
4217044900
4210097908
4203544156
4197711331
4192796041
4188994896
4186504505
4185455938
4185914728
4187880873
4191419904
4196466280
4202757852
4210163542
4218552273
4227530824
4236968117
4246602004
4256039267
4265083296
4273471944
4281008604
4287562204
4292936138
2228648
5243258
7078210
7799044
7602371
6619268
5046345
3145749
1179625
4294180807
4292542383
4291428257
4290969500
4291362718
4292607909
4294770606
2883511
6750140
11403195
16646067
22282143
28049281
33816407
39190305
44105440
48168599
51248711
53149172
53738913
52821330
50461963
46529743
41155746
34339974
26279038
17104010
7011500
4291230946
4280089899
4268817797
4257676780
4246928988
4236771024
4227530564
4219338675
4212260886
4206624875
4202365101
4199612632
4198367466
4198564066
4200071359
4202823811
4206755887
4211670982
4217241421
4223401672
4229889596
4236508591
4243062054
4249353382
4255120437
4260297686
4264622988
4267965275
4270259010
4271373121
4271242073
4269865860
4267244482
4263312396
4258135135
4251843765
4244503816
4236246356
4227202451
4217503169
4207476187
4197121504
4186832333
4176739747
4167105892
4158192915
4150197428
4143250507
4137745375
4133682036
4131257107
4130667201
4131912324
4134992481
4139907677
4146657914
4155112122
4165073695
4176346021
4188666955
4201774349
4215406052
4229103306
4242669497
4255580327
4267704717
4278583906
4287955743
656318
6423608
10093705
11666606
11076774
8520817
3998737
4292739978
4285072098
4276290078
4266787141
4256956513
4247256952
4237950613
4229627326
4222549244
4217175124
4213767116
4212521833
4213766956
4217436950
4223662887
4232313693
4243323828
4256365606
4271307952
4287692105
10157548
28311185
46661427
64749514
82116691
98500808
113377574
126419309
137429402
146145712
152502703
156303772
157679993
156631372
153420057
148111590
140968119
132382866
122617977
111870065
100663420
89129114
77594828
66388241
55640422
45547976
36241972
27722404
20185876
13435775
7537631
2425906
4292936817
4288939163
4285465772
4282254501
4279305348
4276487243
4273800188
4271178649
4268622631
4266132139
4263838248
4261740965
4260036902
4258726063
4258005062
4258004973
4258660263
4260102006
4262395738
4265606995
4269604703
4274388859
4279762852
4285726677
4291887115
3342401
9633905
15663255
21102767
25821366
29491369
32112774
33488974
33554432
32309151
29753132
25951917
21102116
15465879
9174284
2555015
4290903053
4284677028
4279040848
4274387731
4270979824
4269013737
4268751614
4270258989
4273601397
4278778834
4285660225
4294114492
8846654
19529155
30867012
42335932
53542693
64094077
73531326
81330151
87293941
90898409
92012483
90374021
85983026
78773964
68877913
56360413
41614685
24902878
6618214
4282252279
4262263704
4242144074
4222417680
4203543276
4185979614
4170119911
4156226308
4144692019
4135517042
4128963518
4124900369
4123262057
4123983041
4126735637
4131323233
4137418146
4144561621
4152557048
4160880138
4169268745
4177460726
4185062865
4192009628
4198038873
4203150601
4207279280
4210424911
4212784107
4214553477
4215798560
4216847039
4217895523
4219271695
4221172164
4223859075
4227463501
4232182049
4238080258
4245223662
4253546726
4262983913
4273404153
4284610836
1374524
13302130
25229748
36764165
47643238
57473750
66124630
73268200
78707851
82378046
84213251
84147927
82313144
78708901
73662875
67306134
59966354
51905675
43451773
34932323
26609463
18876406
11864218
5900577
1182088
4292741579
4290775530
4290251236
4291168698
4293396846
1902851
6490237
11929567
18089776
24708726
31589813
38536438
45351997
51839889
57934582
63439473
68354564
72548788
76022143
78840167
81002858
82510213
83493301
83886582
83886658
83427988
82576101
81330992
79758192
77726622
75301816
72418232
68944796
64815972
60031759
54526622
48169492
40960373
32964805
24117257
14548809
4259466
4288413140
4277271853
4265933980
4254661671
4243717075
4233296804
4223728541
4215274431
4208131084
4202495104
4198563099
4196466137
4196269747
4198039461
4201513128
4206887347
4213834432
4222157766
4231595197
4241819039
4252501604
4263380743
4273997698
4284090323
4293265398
6359020
12978099
18024271
21366467
22939155
22807876
20972638
17630055
12911207
7143783
589935
4288544646
4281401013
4274322946
4267834739
4262001935
4257283288
4253744338
4251581694
4250860892
4251581931
4253810343
4257283981
4261871766
4267508157
4273865466
4280681539
4287628690
4294510299
5965847
11733308
16583233
20450078
23071694
24382537
24448139
23268498
20909148
17435626
13175614
8260187
2951495
4292413450
4286973610
4281795890
4277142443
4273144353
4269998238
4267835181
4266524120
4266130601
4266654632
4267965149
4269931085
4272421371
4275239401
4278188568
4281072260
4283693866
4285922307
4287626504
4288609839
4289003375
4288544957
4287496716
4285858643
4283696262
4281206172
4278584970
4275963723
4273539033
4271573039
4270131276
4269475890
4269737953
4270851935
4272948915
4275897827
4279764217
4284351486
4289528573
512
5570832
10944566
15990650
20315874
23658098
25886252
26869265
26410526
24510033
21167779
16449294
10616712
3735560
4291231877
4283367670
4275503440
4268097932
4261413282
4255908237
4251910473
4249682135
4249616437
4251844457
4256300663
4263247208
4272421956
4283759384
1964525
16775378
32700371
49411835
66319958
82900461
98760136
113374699
126285403
137033493
145356825
151058783
153877216
153812112
150994532
145358924
137429561
127468572
115803620
102958979
89393386
75631117
62261987
49744740
38603659
29100887
21695178
16648680
14026938
13895498
16254372
20972502
27722224
36306946
46333469
57277519
68680360
80148788
91158528
101250834
110032497
117175841
122353185
125367920
126088966
124516318
120715501
114752040
106822531
97320175
86507105
74776522
62390558
49807955
37487455
25691193
14681309
4719944
4290970998
4283565418
4277601575
4273013936
4269671437
4267508547
4266197596
4265607520
4265541719
4265672523
4265672259
4265344326
4264557660
4263115657
4260952785
4258003512
4254333374
4250007909
4245223723
4240111888
4235000082
4230215982
4225956193
4222745001
4220713475
4220254828
4221631202
4225039203
4230675437
4238605440
4248763673
4261150136
4275633755
4291886851
14745517
33685593
53412099
73466282
93323850
112591584
130745193
147325919
162006078
174392450
184288421
191431843
195691642
197067814
195625892
191431414
184812058
175898901
165150696
152764058
139263281
124910518
110230064
95549611
81196848
67565002
54850691
43250534
32961147
24048073
16576854
10416423
5632318
1962394
4294242873
4292473623
4291294253
4290508147
4289984223
4289525862
4288936444
4288084886
4286971175
4285464228
4283498498
4281205049
4278649408
4275897107
4273013677
4270195725
4267508789
4265149480
4263314410
4262069123
4261479162
4261675609
4262724010
4264689910
4267442247
4271046567
4275371806
4280286898
4285660777
4291427909
2358857
8322675
14155457
19660590
24772534
29294673
33161463
36372896
38863427
40567512
41550679
41878458
41550843
40698903
39388171
37749720
35914622
33948416
31982181
30146993
28442861
26935327
25755474
24772236
24051158
23526712
23198904
22936668
22740006
22543386
22150199
21560444
20643047
19398002
17694234
15597270
12976031
9830511
6291773
2294275
4293001912
4288414553
4283630560
4278781001
4273931411
4269212862
4264756426
4260627643
4257023122
4253942870
4251452427
4249748407
4248765280
4248568588
4249158336
4250600065
4252762707
4255777336
4259447346
4263707201
4268556899
4273930903
4279567065
4285530917
4291560308
2622403
8520714
14091332
19334251
23987323
27985009
31196232
33555456
34931608
35193618
34341488
32309685
29163751
24838155
19529512
13106757
5766504
4292672665
4284021727
4274977598
4265802429
4256823903
4248173094
4240243220
4233230889
4227463778
4223204030
4220648247
4219993034
4221434991
4225039649
4230807000
4238868110
4249026364
4261216220
4275044456
4290445532
12124468
29491566
47251849
64946565
82051427
98238758
112918737
125763688
136380401
144375665
149487341
151518827
150470129
146210179
138870054
128580830
115604654
100203671
82836635
63896762
43842802
23264579
2555305
4277272098
4257939113
4239982396
4223729621
4209442929
4197515532
4188078496
4181131820
4176675500
4174709533
4175037309
4177396683
4181525510
4187096109
4193846338
4201317444
4209247285
4217242647
4225106923
4232577972
4239459187
4245619500
4250993375
4255711888
4259709504
4263248370
4266459558
4269539678
4272816411
4276551903
4280877225
4286185593
4292542545
5242927
14221331
24641534
36306925
49217504
63045591
77660113
92667851
107741126
122355649
136183738
148832176
159776676
168624020
175112065
178978665
179961678
177995567
173080333
165215977
154730179
141754012
126680694
109968977
92077616
73465362
54722041
36306406
18873818
2751957
4283366871
4271111647
4261150190
4253810179
4249026075
4246732342
4246863441
4249222764
4253417091
4259118741
4265934495
4273471136
4281138838
4288609920
458334
6225456
10681845
13630896
14810466
14286094
11992246
8125535
2751500
4291296194
4283956100
4276157271
4268292926
4260690750
4253809497
4247845777
4243258344
4240112734
4238605553
4238867873
4240768619
4244242249
4248961080
4254925106
4261544497
4268557102
4275504162
4281992454
4287563220
4291888773
4294575894
329600
4293986242
4290512857
4284876741
4277143429
4267575070
4256433809
4244178404
4231202075
4218029118
4205249363
4193387105
4183097711
4174708868
4168875943
4165861085
4165926443
4169268628
4175953180
4185980098
4199021704
4214815852
4233034859
4253023361
4274322604
1178853
23002408
44039535
63700405
81329655
96402991
108461658
117243511
122420867
124059264
122027630
116719184
108264999
97189369
84016586
69270941
53673337
37813603
22412637
8191341
4290575765
4280221143
4272487988
4267769516
4266196798
4267769829
4272488608
4280156520
4290511417
7996173
22217693
37487780
53216602
68814330
83625600
96929512
108332846
117245777
123275089
126224174
125896427
122226315
115279378
105317765
92669163
77661256
60752803
42599170
23659114
4653536
4281008489
4263379206
4247322811
4233166983
4221304940
4211998822
4205445237
4201709716
4200661185
4202234103
4206231859
4212261230
4220060071
4229104089
4239131137
4249551391
4260037167
4270129715
4279566891
4287889945
4274587497
4262463280
4252763916
4245817085
4242081539
4241688347
4244834117
4251387770
4261218231
4273932279
4289202227
11339877
29821064
48826518
67700875
85788770
102303768
116590509
128190240
136578674
141559205
142804158
140379074
134349493
125043104
112787592
98238327
81788530
64159106
46070956
28244983
11336551
4290902783
4277664449
4266916527
4259117766
4254333702
4252695402
4254137325
4258462858
4265213243
4274126328
4284612282
1048443
12779572
24379614
35062134
44433909
52036186
57344675
60293840
60687074
58524378
53936829
47186575
38601301
28705301
18022868
7143832
4291559783
4281991494
4273996089
4268097860
4264690023
4264100261
4266525180
4272161387
4280877806
4292608898
11994144
28705988
47252838
67110400
87623307
108201729
128190299
147064726
164169644
178980763
191235938
200476417
206571129
209389006
208930051
205325342
198771494
189530657
178061592
164626450
149880598
134020653
117570909
100924587
84474907
68615091
53476210
39320409
26213223
14220186
3406828
4288543835
4279762142
4271766896
4264492554
4257742499
4251451190
4245553083
4239851565
4234543239
4229497029
4224844005
4220780774
4217372872
4214882444
4213506104
4213571534
4215144276
4218552016
4223860297
4231265734
4240833870
4252433639
4266065047
4281465956
3472465
21625952
40565908
59833580
78904679
97254914
114294456
129630085
142606435
152961353
160236082
164234007
164824047
161875124
155518305
145884656
133301854
118163113
100927183
82183889
62523057
42600049
23004695
4392361
4282320171
4267377829
4254991391
4245554079
4239196972
4236182221
4236509831
4239983198
4246405718
4255580784
4266984108
4280222474
4294706054
14943261
30278857
45155717
59115081
71567119
82184141
90572925
96471319
99748245
100272625
98175526
93522481
86575632
77466051
66718026
54528168
41420770
27789052
13960700
460010
4282516430
4270588592
4259774871
4250468491
4242734996
4236574393
4232117758
4229234024
4227988731
4228119735
4229627038
4232248493
4235787491
4240112955
4245028274
4250336832
4255973087
4261740425
4267507767
4273275105
4278976897
4284613136
4290118282
590569
5833513
11010890
16122696
21037861
25821921
30474878
34800128
38797675
42401987
45416461
47841104
49282704
49872340
49282336
47578233
44497893
40106853
34339582
27130546
18676353
8977003
4293130865
4281399953
4269013705
4256168726
4243192693
4230413284
4218027102
4206427360
4195876197
4186701290
4179099245
4173332201
4169531227
4167827395
4168220701
4170776681
4175495333
4182245586
4190830830
4201054459
4212654330
4225433835
4239065296
4253221034
4267573371
4281794630
655371
13893580
26083213
37158733
46858000
55049942
61734561
66780786
70188619
71958061
72285719
71106060
68615690
64945682
60227108
54722112
48496229
41746065
34668229
27393789
20053817
12713847
5570484
4293591023
4286840870
4280549461
4274585724
4269015192
4263837863
4259053736
4254597273
4250534011
4246798411
4243456012
4240441277
4237754207
4235394805
4233363073
4231724549
4230479236
4229627139
4229299332
4229430283
4230019996
4231265082
4233034474
4235393708
4238408325
4242012789
4246141566
4250860191
4256037593
4261673769
4267637647
4273929223
4280286349
4286709022
4293066165
4193869
9895650
15138670
19791854
23658589
26673335
28836089
30015777
30081326
29163806
27197683
24182957
20250704
15466462
9961306
3800778
4292148787
4285267352
4278254848
4271307887
4264623083
4258397047
4252695320
4247714511
4243585696
4240439948
4238211731
4237032116
4236835566
4237622079
4239326115
4241751063
4244896919
4248567070
4252499368
4256693809
4260822709
4264754992
4268359583
4271439871
4273864783
4275634318
4276617404
4276814042
4276224233
4274913515
4272947428
4270457045
4267573444
4264427698
4261216419
4258136218
4255449241
4253155492
4251582650
4250796253
4250861836
4251976006
4254138762
4257284564
4261478946
4266590831
4272554681
4279173882
4286382895
4293919571
6685539
14353245
21824318
28902148
35455664
41288258
46334397
50528546
53870710
56360894
57868030
58588733
58588545
57933007
56753199
55245734
53410617
51378924
49347267
47315648
45349604
43580207
41876383
40303664
38862048
37420456
35978882
34406249
32571475
30540091
28181015
25494243
22479765
19072042
15402140
11470055
7472394
3540226
4294771922
4291429499
4288742399
4286841701
4285858480
4286054888
4287562003
4290379833
4294704993
5308051
12123605
20118830
29031587
38599736
48430065
58194895
67566547
76020732
83229769
88800437
92339517
93584860
92274316
88276806
81461253
71958723
59965816
45613600
29360822
11600693
4287759258
4268622820
4249617425
4231529504
4214883348
4200334318
4188472239
4179690333
4174512890
4173070987
4175561236
4181983642
4192272671
4206100649
4223008825
4242669523
4264230777
4287037228
15400683
38469304
60423824
80477811
97910367
112131665
122486344
128646720
130350648
127401518
119930400
108002830
92012022
72482264
49937846
25099664
4293655911
4266458432
4239457562
4213243130
4188732642
4166581460
4147313875
4131519713
4119526656
4111465776
4107533682
4107533765
4111334952
4118609562
4128898840
4141612958
4156162090
4172021942
4188406080
4204724674
4220387897
4234740385
4247323382
4257874741
4265935710
4271440750
4274324325
4274520900
4272358156
4267967168
4261675619
4253876729
4245029254
4235591952
4226023579
4216651819
4208132039
4200529778
4194303793
4189716230
4186767091
4185718523
4186439453
4188929880
4192993196
4198432789
4205117584
4212719896
4221043113
4229759550
4238672593
4247454558
4255974366
4264035405
4271572136
4278519018
4284744978
4290446622
591118
5178594
9438364
13501502
17368013
21300043
25297598
29491755
33948054
38600965
43516029
48693249
54001557
59375420
64618232
69729994
74514097
78839469
82640572
85851866
88342275
90046260
91094888
91357082
90963908
90046435
88539122
86704109
84606929
82378653
80084816
77856489
75759211
73792983
71892273
70188157
68418496
66583296
64485955
62060943
59046123
55310427
50722789
45152142
38401882
30537546
21428065
11270046
63488
4283037829
4270455082
4257544681
4244765373
4232444832
4220910731
4210687351
4202102365
4195483445
4191223801
4189520034
4190634284
4194566547
4201382355
4210950634
4223009241
4237230495
4253286719
4270653627
4288806937
12189533
30080653
46857647
62061771
75037671
85392137
92666423
96663929
97253585
94304326
88012761
78575501
66320227
51705690
35321714
17692585
4294572027
4276615269
4259444963
4243782000
4230150663
4219140772
4211080001
4206230491
4204788845
4206755061
4212063599
4220517851
4231593526
4244962945
4260036285
4276289258
4292935435
14417698
30080818
44302143
56622924
66453339
73596785
77791120
78905274
76873714
71893048
64290958
54329586
42467685
29164005
14942831
328450
4280943513
4267181105
4254598343
4243588438
4234413531
4227335762
4222420663
4219668232
4219144001
4220520289
4223666023
4228253521
4233955104
4240312020
4247062127
4253746675
4260037986
4265673920
4270392335
4274127701
4276683412
4278125008
4278452495
4277862482
4276617119
4274781944
4272815713
4270915035
4269473129
4268686604
4268883142
4270259349
4272880764
4276878456
4282252425
4288937133
1834212
10550571
19922304
29556193
39124556
48234174
56491830
63569841
69009454
72679595
74318118
73662878
70779410
65667713
58327786
49021773
37946280
25428988
11863112
4292543627
4277994694
4263511287
4249552159
4236444989
4224517457
4213966170
4204987735
4197713225
4192208175
4188341513
4186113238
4185261206
4185654345
4186964975
4188996489
4191421207
4193976985
4196401682
4198498689
4200071401
4201054284
4201381802
4200988423
4199939684
4198366660
4196465961
4194434198
4192467981
4190894993
4189911842
4189780676
4190698104
4192926272
4196530716
4201708046
4208392725
4216584753
4226218595
4237163177
4249221890
4262198125
4275764199
4289657967
8715522
22478238
35716672
48234212
59703178
70058029
79102156
86835555
93127153
98042483
101581544
103875407
104989605
105055211
104203296
102630467
100402261
97649750
94438471
90965032
87098361
82969534
78578549
73859874
68747973
63242847
57278963
50856321
43974923
36503698
28573719
20381596
11730722
2883241
4289003060
4280352195
4272029015
4264295665
4257348754
4251450427
4246666221
4243258280
4241292141
4240833340
4241816343
4244241149
4247911151
4252695277
4258331382
4264557324
4270979884
4277271383
4283104141
4288150475
4292017169
4294507613
392367
4294507781
4291820893
4287364535
4281269775
4273733222
4265148090
4255776521
4246208339
4236771222
4228054995
4220583945
4214882360
4211343456
4210360449
4212261020
4217241778
4225302723
4236443856
4250468571
4267049187
4285726955
11075825
32309496
53805310
74776836
94568714
112263438
127402257
139198736
147194123
150995200
150405358
145359059
135856303
122290303
104923203
84541435
61603750
36962117
11468504
4281138785
4256824801
4234411356
4214750420
4198562893
4186504138
4178967375
4176280288
4178639489
4185913911
4197906948
4214225387
4234213872
4257282579
4282514006
14154424
41155385
67632086
92667020
115408215
135003698
150994712
162660353
169869544
172294598
170001042
163054407
151847902
136774737
118490267
97518777
74712232
50791527
26608630
2818902
4275110539
4254269850
4235722888
4219993948
4207279646
4197776600
4191615890
4188666454
4188797229
4191680543
4196988727
4204328569
4213175790
4223137177
4233622909
4244305309
4254725623
4264490634
4273338195
4281006155
4287363436
4292278959
850955
2882934
3604198
3080274
1573296
4294050550
4290774046
4286842144
4282385910
4277470877
4272162577
4266461010
4260300641
4253747008
4246669043
4239066751
4230809067
4221830461
4212196478
4201841589
4190831338
4179231268
4167303532
4155048134
4142923832
4131192774
4119986034
4109893437
4101111591
4094164783
4089184081
4086628233
4086693843
4089446441
4095148164
4103667936
4114940213
4128768382
4144824758
4162781657
4182114788
4202365397
4223009195
4243390822
4262920457
4281139349
2555920
16646014
28049124
36568648
42007985
44432675
43908262
40565821
34864109
27130809
17890211
7601068
4291951570
4281531413
4271897713
4263509217
4256890209
4252433898
4250402423
4250926848
4254138239
4259905518
4268097606
4278386820
4290511011
8913056
23134331
37617715
51904459
65404741
77659814
88276468
96861493
103283825
107412399
109247224
108788307
106297800
102037853
96401689
89848064
82770197
75626842
68876751
62978674
58325825
55114807
53542223
53804672
55836613
59375892
64488037
70714289
77661422
84870677
91948832
98306058
103549135
107219307
108923358
108399144
105450059
99945034
91949609
81660397
69405085
55380286
40241368
24512624
8718349
4288546740
4274587497
4262463280
4252763916
4245817085
4242081539
4241688347
4244834117
4251387770
4261218231
4273932279
4289202227
11339877
29821064
48826518
67700875
85788770
102303768
116590509
128190240
136578674
141559205
142804158
140379074
134349493
125043104
112787592
98238327
81788530
64159106
46070956
28244983
11336551
4290902783
4277664449
4266916527
4259117766
4254333702
4252695402
4254137325
4258462858
4265213243
4274126328
4284612282
1048443
12779572
24379614
35062134
44433909
52036186
57344675
60293840
60687074
58524378
53936829
47186575
38601301
28705301
18022868
7143832
4291559783
4281991494
4273996089
4268097860
4264690023
4264100261
4266525180
4272161387
4280877806
4292608898
11994144
28705988
47252838
60619311
4267048887
4178445684
4239719603
4245221589
4219467293
98567603
257231888
107678099
4241492039
57214455
114228897
4199807220
4087282158
4245093382
24050311
4168939874
4135123989
55508554
174980470
1179962
4140633077
4281273799
188611902
137686494
4272812513
4283497457
101907437
147323416
152698057
124910352
3536999
4201644186
4250404965
23462070
20248652
23854808
4272358729
4106092063
4044027592
4202101375
4292084552
4209184128
4241364636
128455425
186843728
123795560
107806319
77071777
4279894810
4225236445
4174773638
4140564556
32309858
275710620
102957365
3998678735
4027710411
76675183
96925154
4146919110
4120641092
4253616464
4267051787
4263247222
53604583
82441640
23724060
4280352378
4274911631
17956980
96340159
71172820
4235851899
4235656009
51054230
4292806831
4139122417
4159961415
4275176086
4281012105
4256828960
4265803813
4208719566
4158061029
4241752866
41224610
58394418
102235802
100531373
4222419941
4116514197
4273536769
116916180
58722143
67896377
211221166
231341349
165676438
219415582
250675207
146998247
160892803
306513684
226822858
4258663720
4215866110
46594119
5438706
4206232803
21167887
151451288
87424327
3213837
27986135
11468082
4218944504
4211804214
4288024236
61343445
122748672
135135270
20644237
4182966346
4177921274
4219472968
4220127202
4279695646
101839140
97581006
4273800122
4237887574
5440480
29884362
16384464
44041085
93192553
102367923
48629346
4253549140
4196596402
4162517671
4070177701
4039964251
4262328068
196346262
58000717
4116971657
4247061223
180422722
86836353
4272620297
135662323
154798402
4195613601
4173069149
106760322
74909708
4194106069
25622837
166986579
4219013280
3975088122
4095542817
4284285139
49150818
131071121
144048189
4276748200
4224580828
60947364
30473469
4159111123
4215012804
85783849
58061986
3802328
83301148
50794066
4184933239
4219732460
86704269
30537456
4166906238
4226283483
68746533
6748526
4193974280
4194237
164234628
69796685
4119921573
4127066404
135595316
313063010
162263238
1112638
59769227
146931916
120521113
81002946
25361445
4185062439
4118349051
4226614572
39123928
6094017
4205053020
4126735995
4115395493
4210489513
4276880844
4170189914
4075163998
4218164356
145295947
197917660
113507423
11338846
4231594614
4221369138
4222679310
4177918665
4244570133
160040883
145818999
4119852955
4025413970
41810218
210369833
6027102
4137285789
4177921368
4213705568
4276683132
150861348
195622960
43975059
4256236282
6749560
7274513
4276357692
5966187
4294573096
4253153448
4250862849
4222290685
4158259227
4194236272
4264427444
4201778401
4145024462
4253287072
44890016
4279564016
4242342084
4282125061
17238908
86901884
144179334
4292215277
4118872612
4246339758
155517889
95029619
28248347
199427114
280167527
128584159
90901433
184813736
109512491
4327808
100928652
107547906
4163438607
4098227819
23328651
70777201
4188798799
4224385097
148372717
125238836
4202169873
4160817443
4272554113
4267702565
4158718042
4141288221
4254140667
86573320
108724331
4522238
4177329236
4135058608
4140369021
4174447817
15071844
190837884
184482219
4274848180
4143515037
4217701437
22282376
10879022
4283302614
32834293
51577423
4277076889
4209377256
4216583935
4224971856
4165465653
4148163426
4294637125
154338802
69078036
4159111264
4172349027
60885839
81660723
4258267460
4271965966
51645763
4274453861
4201640716
4280091400
20908946
4247583682
5109125
98108221
4226418436
3975806276
4034984890
4290707337
127991134
157351368
148767408
29360143
4234344934
36698987
84868656
4226087948
4191222632
103087002
173406722
4282253665
4167962747
4206301333
4202364994
4208982377
49151713
134544076
50261936
4285723386
55050061
74448756
4286183588
4263378439
52300267
55904529
4180475768
4078567339
2492138
324993946
324466889
61470861
4249682386
45155798
56493119
4283237115
4272422497
4213569706
4078107634
4104913473
524129
40827828
4185456514
4115529097
4193514389
4258264592
4229563723
4119989143
4004579722
4057271583
22154689
234881740
190053349
5570517
4205379484
4247124172
4912764
4269406255
4245617780
40568608
102173303
4273404123
4172212691
25884095
194905555
107610027
4215273019
4140760846
4141681077
4235658574
161349008
253820615
59835257
4181918673
4242931828
4292018215
4194043527
4168092113
4275306644
17692651
4220321593
4131129450
4143841576
4244240114
4290444480
4171368616
4066183684
4202365762
119143558
120256924
4278386443
4207020491
4221832571
16124027
121701575
51905297
4161404685
4197384004
102958995
87231804
4254010064
70125835
213912364
75369353
4224715373
15927858
43779940
4208133107
4205577907
4276160860
4167106750
4102943892
22410079
159054081
4274977519
4175690733
70057911
145097029
4209770588
4056219951
4196007798
37681452
4232575238
4089774546
4155115050
53150249
122945516
26476315
4224841991
4197381495
4169857971
4177133713
37420185
244775486
247987846
12648727
4105502717
4142071862
4293394583
38535040
4276289552
4279632274
27328802
4279828398
4221434868
4277204237
50196992
1832046
4257215646
41678836
85067669
4273672427
4164485969
4179294459
4246865534
4279766802
4271178354
4239392445
4234545451
4293394826
45740136
457018
4232514003
4270784503
74380139
78446310
4228777511
4080072630
4111790424
10485056
171180958
195494443
135005392
47317672
4286904619
35453271
89718877
11795799
4224120955
45874711
177930848
29229311
4062381722
4043639695
4216848436
30667947
77462263
160563360
196736743
115733112
29359765
25363840
29752781
4270652400
4224845709
4239985697
4226809921
4152489956
4209181021
183831596
346359344
156695214
4197055468
4191945669
4268753989
4233691104
4222745614
4257216194
4165727247
4078565795
4222746471
75169300
4254268361
4128307758
4238800231
44299840
4220322352
4059105547
4000646005
4029219491
4206693042
192154238
280363327
90832083
4227726256
4287166426
91027182
70777198
785331
4272096187
920521
40959949
75033465
93057472
91818326
61868612
4284545334
4171495497
4082435155
4152166012
93258579
228197819
62522875
4133224621
4155440675
4265410433
4189389186
4085908400
4204724560
71236184
4289919624
4104257951
4110090276
4287953043
57146280
4190766293
4041540907
4155048286
116982192
198312193
43122683
4158326150
4115467009
4216785178
62588606
69338394
4230872568
4193516349
11339421
21172135
4201384501
4238280317
87165957
32443185
4164158283
4188668565
4290053077
4243324274
4181523256
4230217945
4252761110
4260621901
111800062
235666280
105512159
4227266511
4294901111
114951299
4285202142
4096849840
4162714028
76544871
80214134
4177721826
4121493513
13959916
156762660
93257543
10877056
19264322
4283430643
4226809264
35454887
238158203
257492308
42926815
4132895474
4128635266
4268818172
64749852
25689886
4277468957
19922996
31260249
4289984999
54064582
160232734
124450697
32766129
46922651
15664972
4146008119
4102489440
4231263938
4251254371
4176612453
4242277773
23132809
4239720640
4261282649
162330151
154072257
4220715940
4221698997
147715964
148896698
4235527273
4173658297
4274384338
62454500
127535722
170920501
110954279
21890179
27392848
73725959
70713473
30146902
4285855954
7732270
81659628
39126166
4100783488
3976396777
4187619267
160233514
185793122
135857270
203751932
213514404
42663037
4209771969
4261479066
4292803531
4181655783
4116121714
4206821904
4275762745
4245158448
18156432
204345544
208011760
4266653119
4123523649
4191551620
4246994147
4247910351
13956546
16708212
4187747035
4187028381
51577320
51772899
4204525495
4254463658
95156751
4264427656
4029482045
4007395182
4102159336
4186965204
86183693
282463107
208339008
14874951
26736603
145291837
131464602
36634149
4255056131
4204726420
4281795955
183760094
217641622
12387940
4185853644
4264886003
4261409908
4097965079
4070245192
4281206116
145885685
44107881
4149148879
4133549914
4245683326
4237098696
4118084799
4163435938
78446094
105118647
4182178772
4100258970
4294703955
118357531
4244439864
4060021061
4136304221
69469288
182258002
81331297
4170973373
4055827456
4135781893
7013996
66651779
4587362
4257085533
4266590570
4231532042
4169271589
4204003531
7931593
11471269
4226612722
4223268977
13893184
57736155
30471378
16054575
62585867
162263549
268497061
282591175
160564340
18938227
4289788281
48694532
33620576
4233688174
4226020219
77987187
168820528
32176582
4171823814
4258857590
141887267
149095382
85064600
113767978
104986673
4289265070
4292739644
153094061
193661911
37815804
4190697608
4188140424
4270390251
55313332
62718455
17235580
19988382
61603839
69073887
108787948
200407881
179043903
50265498
65118
4240246139
4054059682
4018668288
4263704431
60160528
4165862905
4167501449
90111312
69270662
4253483465
157810417
299629192
20840278
4146660081
116391566
237305494
4277994156
4192861097
98234913
143326012
27659585
30347543
52627965
4283958265
19004742
116455724
75955985
4285334354
11926551
26540522
4280091864
4266788735
4195875521
4065653917
4163500982
184352853
284492053
117048953
83233010
191824280
89062466
4148363218
4144562568
4285201618
4233558886
4082696211
4151705787
59505112
74577982
4247651685
4288025202
145427045
109508096
4219990031
4176279838
4275436585
42333994
82769480
124384944
48755668
4227201014
4270588732
60490838
4389421
4276221685
76348958
6029955
4056022975
4012243808
4177394291
4243456457
4274392903
150606995
242813394
124255066
63502284
141163975
132383393
27459935
4243718035
4164485902
4186244422
147324573
302447015
27525580
4023323000
4147904824
53933393
4219139484
4055694480
4178248549
49154792
11471376
4208393079
4215206241
4279171080
4287495894
4216847068
4200003983
47710285
154141248
12057673
4148689127
4263771314
122946326
4294575331
4099473193
4141349785
16712808
93392555
54331972
4225826485
4091018169
4107010077
4264101132
61147080
50135743
50592158
18087116
4191357174
4140632039
4243717594
33947873
21104602
29621985
83031258
111737555
146997184
193263934
165148843
132775793
244186452
370277015
285738340
95423428
25755536
31520698
4292805076
4285859340
39385305
56947220
70647236
128845648
104726828
4259379689
4218355679
43977380
120392402
109314379
143915805
153943237
28049359
4232184485
11667811
65539826
4285663292
4242602075
4290048162
19265771
14288096
34342510
39387335
25165672
47645167
88539230
124583274
166592653
140051585
18088292
4230217200
4178182467
4029612798
3987078329
4261541884
165739560
4254925413
4110025691
56033845
187302036
16253148
61277113
291571016
137626111
4130602640
4279828724
229639529
49021886
4176542746
95746082
193724202
4242279317
4119335072
4231596767
4275569204
8584367
129956699
111804061
4254597581
4268097094
60619311
4267048887
4178445684
4239719603
4245221589
4219467293
98567603
257231888
107678099
4241492039
57214455
114228897
4199807220
4087282158
4245093382
24050311
4168939874
4135123989
55508554
174980470
1179962
4140633077
4281273799
188611902
137686494
4272812513
4283497457
101907437
147323416
152698057
124910352
3536999
4201644186
4250404965
23462070
20248652
23854808
4272358729
4106092063
4044027592
4202101375
4292084552
4209184128
4241364636
128455425
186843728
123795560
107806319
77071777
4279894810
4225236445
4174773638
4140564556
32309858
275710620
102957365
3998678735
4027710411
76675183
96925154
4146919110
4120641092
4253616464
4267051787
4263247222
53604583
82441640
23724060
4280352378
4274911631
17956980
96340159
0
0
0
0
0
0
0
0
0
0
0
0
0
0
0
0
0
0
0
0
0
0
0
0
0
0
0
0
0
0
0
0
0
0
0
0
0
0
0
0
0
0
0
0
0
0
0
0
0
0
0
0
0
0
0
0
0
0
0
0
0
0
0
0
0
0
0
0
0
0
0
0
0
0
0
0
0
0
0
0
0
0
0
0
0
0
0
0
0
0
0
0
0
0
0
0
0
0
0
0
0
0
0
0
0
0
0
0
0
0
0
0
0
0
0
0
0
0
0
0
0
0
0
0
0
0
0
0
0
0
0
0
0
0
0
0
0
0
0
0
0
0
0
0
0
0
0
0
0
0
0
0
0
0
0
0
0
0
0
0
0
0
0
0
0
0
0
0
0
0
0
0
0
0
0
0
0
0
0
0
0
0
0
0
0
0
0
0
0
0
0
0
0
0
0
0
0
0
0
0
0
0
0
0
0
0
0
0
0
0
0
0
0
0
0
0
0
0
0
0
0
0
0
0
0
0
0
0
0
0
0
0
0
0
0
0
0
0
0
0
0
0
0
0
0
0
0
0
0
0
0
0
0
0
0
0
0
0
0
0
0
0
0
0
0
0
0
0
0
0
0
0
0
0
0
0
0
0
0
0
0
0
0
0
0
0
0
0
0
0
0
0
0
0
0
0
0
0
0
0
0
0
0
0
0
0
0
0
0
0
0
0
0
0
0
0
0
0
0
0
0
0
0
0
0
0
0
0
0
0
0
0
0
0
0
0
0
0
0
0
0
0
0
0
0
0
0
0
0
0
0
0
0
0
0
0
0
0
0
0
0
0
0
0
0
0
0
0
0
0
0
0
0
0
0
0
0
0
0
0
0
0
0
0
0
0
0
0
0
0
0
0
0
0
0
0
0
0
0
0
0
0
0
0
0
0
0
0
0
0
0
0
0
0
0
0
0
0
0
0
0
0
0
0
0
0
0
0
0
0
0
0
0
0
0
0
0
0
0
0
0
0
0
0
0
0
0
0
0
0
0
0
0
0
0
0
0
0
0
0
0
0
0
0
0
0
0
0
0
0
0
0
0
0
0
0
0
0
0
0
0
0
0
0
0
0
0
0
0
0
0
0
0
0
0
0
0
0
0
0
0
0
0
0
0
0
0
0
0
0
0
0
0
0
0
0
0
0
0
0
0
0
0
0
0
0
0
0
0
0
0
0
0
0
0
0
0
0
0
0
0
0
0
0
0
0
0
0
0
0
0
0
0
0
0
0
0
0
0
0
0
0
0
0
0
0
0
0
0
0
0
0
0
0
0
0
0
0
0
0
0
0
0
0
0
0
0
0
0
0
0
0
0
0
0
0
0
0
0
0
0
0
0
0
0
0
0
0
0
0
0
0
0
0
0
0
0
0
0
0
0
0
0
0
0
0
0
0
0
0
0
0
0
0
0
0
0
0
0
0
0
0
0
0
0
0
0
0
0
0
0
0
0
0
0
0
0
0
0
0
0
0
0
0
0
0
0
0
0
0
0
0
0
0
0
0
0
0
0
0
0
0
0
0
0
0
0
0
0
0
0
0
0
0
0
0
0
0
0
0
0
0
0
0
0
0
0
0
0
0
0
0
0
0
0
0
0
0
0
0
0
0
0
0
0
0
0
0
0
0
0
0
0
0
0
0
0
0
0
0
0
0
0
0
0
0
0
0
0
0
0
0
0
0
0
0
0
0
0
0
0
0
0
0
0
0
0
0
0
0
0
0
0
0
0
0
0
0
0
0
0
0
0
0
0
0
0
0
0
0
0
0
0
0
0
0
0
0
0
0
0
0
0
0
0
0
0
0
0
0
0
0
0
0
0
0
0
0
0
0
0
0
0
0
0
0
0
0
0
0
0
0
0
0
0
0
0
0
0
0
0
0
0
0
0
0
0
0
0
0
0
0
0
0
0
0
0
0
0
0
0
0
0
0
0
0
0
0
0
0
0
0
0
0
0
0
0
0
0
0
0
0
0
0
0
0
0
0
0
0
0
0
0
0
0
0
0
0
0
0
0
0
0
0
0
0
0
0
0
0
0
0
0
0
0
0
0
0
0
0
0
0
0
0
0
0
0
0
0
0
0
0
0
0
0
0
0
0
0
0
0
0
0
0
0
0
0
0
0
0
0
0
0
0
0
0
0
0
0
0
0
0
0
0
0
0
0
0
0
0
0
0
0
0
0
0
0
0
0
0
0
0
0
0
0
0
0
0
0
0
0
0
0
0
0
0
0
0
0
0
0
0
0
0
0
0
0
0
0
0
0
0
0
0
0
0
0
0
0
0
0
0
0
0
0
0
0
0
0
0
0
0
0
0
0
0
0
0
0
0
0
0
0
0
0
0
0
0
0
0
0
0
0
0
0
0
0
0
0
0
0
0
0
0
0
0
0
0
0
0
0
0
0
0
0
0
0
0
0
0
0
0
0
0
0
0
0
0
0
0
0
0
0
0
0
0
0
0
0
0
0
0
0
0
0
0
0
0
0
0
0
0
0
0
0
0
0
0
0
0
0
0
0
0
0
0
0
0
0
0
0
0
0
0
0
0
0
0
0
0
0
0
0
0
0
0
0
0
0
0
0
0
0
0
0
0
0
0
0
0
0
0
0
0
0
0
0
0
0
0
0
0
0
0
0
0
0
0
0
0
0
0
0
0
0
0
0
0
0
0
0
0
0
0
0
0
0
0
0
0
0
0
0
0
0
0
0
0
0
0
0
0
0
0
0
0
0
0
0
0
0
0
0
0
0
0
0
0
0
0
0
0
0
0
0
0
0
0
0
0
0
0
0
0
0
0
0
0
0
0
0
0
0
0
0
0
0
0
0
0
0
0
0
0
0
0
0
0
0
0
0
0
0
0
0
0
0
0
0
0
0
0
0
0
0
0
0
0
0
0
0
0
0
0
0
0
0
0
0
0
0
0
0
0
0
0
0
0
0
0
0
0
0
0
0
0
0
0
0
0
0
0
0
0
0
0
0
0
0
0
0
0
0
0
0
0
0
0
0
0
0
0
0
0
0
0
0
0
0
0
0
0
0
0
0
0
0
0
0
0
0
0
0
0
0
0
0
0
0
0
0
0
0
0
0
0
0
0
0
0
0
0
0
0
0
0
0
0
0
0
0
0
0
0
0
0
0
0
0
0
0
0
0
0
0
0
0
0
0
0
0
0
0
0
0
0
0
0
0
0
0
0
0
0
0
0
0
0
0
0
0
0
0
0
0
0
0
0
0
0
0
0
0
0
0
0
0
0
0
0
0
0
0
0
0
0
0
0
0
0
0
0
0
0
0
0
0
0
0
0
0
0
0
0
0
0
0
0
0
0
0
0
0
0
0
0
0
0
0
0
0
0
0
0
0
0
0
0
0
0
0
0
0
0
0
0
0
0
0
0
0
0
0
0
0
0
0
0
0
0
0
0
0
0
0
0
0
0
0
0
0
0
0
0
0
0
0
0
0
0
0
0
0
0
0
0
0
0
0
0
0
0
0
0
0
0
0
0
0
0
0
0
0
0
0
0
0
0
0
0
0
0
0
0
0
0
0
0
0
0
0
0
0
0
0
0
0
0
0
0
0
0
0
0
0
0
0
0
0
0
0
0
0
0
0
0
0
0
0
0
0
0
0
0
0
0
0
0
0
0
0
0
0
0
0
0
0
0
0
0
0
0
0
0
0
0
0
0
0
0
0
0
0
0
0
0
0
0
0
0
0
0
0
0
0
0
0
0
0
0
0
0
0
0
0
0
0
0
0
0
0
0
0
0
0
0
0
0
0
0
0
0
0
0
0
0
0
0
0
0
0
0
0
0
0
0
0
0
0
0
0
0
0
0
0
0
0
0
0
0
0
0
0
0
0
0
0
0
0
0
0
0
0
0
0
0
0
0
0
0
0
0
0
0
0
0
0
0
0
0
0
0
0
0
0
0
0
0
0
0
0
0
0
0
0
0
0
0
0
0
0
0
0
0
0
0
0
0
0
0
0
0
0
0
0
0
0
0
0
0
0
0
0
0
0
0
0
0
0
0
0
0
0
0
0
0
0
0
0
0
0
0
0
0
0
0
0
0
0
0
0
0
0
0
0
0
0
0
0
0
0
0
0
0
0
0
0
0
0
0
0
0
0
0
0
0
0
0
0
0
0
0
0
0
0
0
0
0
0
0
0
0
0
0
0
0
0
0
0
0
0
0
0
0
0
0
0
0
0
0
0
0
0
0
0
0
0
0
0
0
0
0
0
0
0
0
0
0
0
0
0
0
0
0
0
0
0
0
0
0
0
0
0
0
0
0
0
0
0
0
0
0
0
0
0
0
0
0
0
0
0
0
0
0
0
0
0
0
0
0
0
0
0
0
0
0
0
0
0
0
0
0
0
0
0
0
0
0
0
0
0
0
0
0
0
0
0
0
0
0
0
0
0
0
0
0
0
0
0
0
0
0
0
0
0
0
0
0
0
0
0
0
0
0
0
0
0
0
0
0
0
0
0
0
0
0
0
0
0
0
0
0
0
0
0
0
0
0
0
0
0
0
0
0
0
0
0
0
0
0
0
0
0
0
0
0
0
0
0
0
0
0
0
0
0
0
0
0
0
0
0
0
0
0
0
0
0
0
0
0
0
0
0
0
0
0
0
0
0
0
0
0
0
0
0
0
0
0
0
0
0
0
0
0
0
0
0
0
0
0
0
0
0
0
0
0
0
0
0
0
0
0
0
0
0
0
0
0
0
0
0
0
0
0
0
0
0
0
0
0
0
0
0
0
0
0
0
0
0
0
0
0
0
0
0
0
0
0
0
0
0
0
0
0
0
0
0
0
0
0
0
0
0
0
0
0
0
0
0
0
0
0
0
0
0
0
0
0
0
0
0
0
0
0
0
0
0
0
0
0
0
0
0
0
0
0
0
0
0
0
0
0
0
0
0
0
0
0
0
0
0
0