10814152
4137222187
4278975085
170131226
109576192
170131226
4278975085
4137222187
54788932
2881177
4201512715
4279896611
1672
4279896611
4201512715
2881177
54788932
4137222187
4278975085
170131226
109576192
170131226
4278975085
4137222187
54788932
2881177
4201512715
4279896611
1672
4279896611
4201512715
2881177
54788932
4137222187
4278975085
170131226
109576192
170131226
4278975085
4137222187
54788932
2881177
4201512715
4279896611
1672
4279896611
4201512715
2881177
54788932
4137222187
4278975085
170131226
109576192
170131226
4278975085
4137222187
54788932
2881177
4201512715
4279896611
1672
4279896611
4201512715
2881177
54788932
4137222187
4278975085
170131226
109576192
170131226
4278975085
4137222187
54788932
2881177
4201512715
4279896611
1672
4279896611
4201512715
2881177
54788932
4137222187
4278975085
170131226
109576192
170131226
4278975085
4137222187
54788932
2881177
4201512715
4279896611
1672
4279896611
4201512715
2881177
54788932
4137222187
4278975085
170131226
109576192
170131226
4278975085
4137222187
54788932
2881177
4201512715
4279896611
1672
4279896611
4201512715
2881177
54788932
4137222187
4278975085
170131226
109576192
170131226
4278975085
4137222187
54788932
2881177
4201512715
4279896611
1672
4279896611
4201512715
2881177
54788932
4137222187
4278975085
170131226
109576192
170131226
4278975085
4137222187
54788932
2881177
4201512715
4279896611
1672
4279896611
4201512715
2881177
54788932
4137222187
4278975085
170131226
109576192
170131226
4278975085
4137222187
54788932
2881177
4201512715
4279896611
1672
4279896611
4201512715
2881177
4229300642
14678290
109312124
4185585619
4291689519
89457986
4143317365
4149805357
4253223607
4227727756
4223203899
82902783
97974641
4138662750
4226874678
44038404
74450032
142016586
4268225688
69861648
29164584
4131980125
1181738
63569846
116195799
4249356170
4157801451
71239226
25230853
115407391
47384548
4288874635
186122240
4288935797
47446044
115344865
25166331
71301574
4157864981
4249417846
116260393
63504458
1243094
4132043939
29227992
69926640
4268165992
142081974
74513296
43976444
4226810570
4138599586
97912463
82837761
4223141317
4227792500
4253283657
4149870291
4143382155
89520830
4291625937
4185524269
109250436
14616302
4108845056
14678290
109312124
4185585619
4291689519
89457986
4143317365
4149805357
4253223607
4227727756
4223203899
82902783
97974641
4138662750
4226874678
44038404
74450032
142016586
4268225688
69861648
29164584
4131980125
1181738
63569846
116195799
4249356170
4157801451
71239226
25230853
115407391
47384548
4288874635
186122240
4288935797
47446044
115344865
25166331
71301574
4157864981
4249417846
116260393
63504458
1243094
4132043939
29227992
69926640
4268165992
142081974
74513296
43976444
4226810570
4138599586
97912463
82837761
4223141317
4227792500
4253283657
4149870291
4143382155
89520830
4291625937
4185524269
109250436
14616302
4108845056
14678290
109312124
4185585619
4291689519
89457986
4143317365
4149805357
4253223607
4227727756
4223203899
82902783
97974641
4138662750
4226874678
44038404
74450032
142016586
4268225688
69861648
29164584
4131980125
1181738
63569846
116195799
4249356170
4157801451
71239226
25230853
115407391
47384548
4288874635
74514148
91030463
35977020
4226940089
4123264604
4284613060
102364744
127792610
195166374
4282844085
4278387822
13172600
4180214293
44827173
4207934570
4133226806
37224448
4133287626
4207870870
44891611
4180278763
13107336
4278451090
4282907723
195231578
127732254
102304184
4284677692
4123326884
4226876231
35915972
91094081
4257743416
4223731885
123471163
49482606
22807976
100073291
81853160
99811004
4174250954
4111922991
86704687
59508702
4260886575
22151099
4266329017
4194106608
4183293952
4194042640
4266392647
22085701
4260825041
59570210
86769105
4111861969
4174314550
99746116
81790232
100008117
22870616
49542290
123534021
4223792979
4257807816
91030463
35977020
4226940089
4123264604
4284613060
102364744
127792610
195166374
4282844085
4278387822
13172600
4180214293
44827173
4207934570
4133226806
4257742848
4260362690
4222416821
4145675868
4269277325
4237294418
4177331961
4232117595
10942005
110235166
73270138
28244908
4277667504
4168419595
4286318447
32634332
4220518400
32573988
4286380177
4168480501
4277729616
28181588
73333894
110293474
10881483
4232053413
4177393927
4237231278
4269342579
4145611172
4222355531
4260300350
4183293952
49349303
97321579
52033067
100204070
4233101433
4112842349
4219733675
63634555
133299175
16056147
4281202987
91750628
118686422
194511319
58066793
4146069504
58128535
194575913
118750506
91815708
4281140949
15990957
133235737
63570821
4219795797
4112777619
4233166727
100139482
51972565
97385877
49413449
4183293952
4260362690
4222416821
4145675868
4269277325
4237294418
4177331961
4232117595
10942005
110235166
73270138
28244908
4277667504
4168419595
4286318447
32634332
4276355640
1047618
70121344
4227726571
4230677168
25559334
103874601
46465834
4257743347
120063886
1836457
4205115566
56228720
106759056
95226042
4248635165
37289416
103875379
4214295659
4153082880
4170118998
18742300
4251780742
4182246223
89851158
27657332
4253088719
4291036151
35783779
1702016
4151966199
4246797914
4257742848
4279762539
63831338
4241685990
73269501
169346501
70254485
4267640599
4257745757
48035428
4256628960
135857101
250736419
4216520249
4122999893
4178179587
4257744552
59374061
157546661
113638858
4113101629
4230348895
79691779
4239784611
4279568442
4248176078
4162847727
4104061684
4250206026
119013968
9370291
62585940
37225584
1047618
70121344
4227726571
4230677168
25559334
103874601
46465834
4257743347
120063886
1836457
4205115566
56228720
106759056
95226042
4248635165
46006406
4137222187
4278975085
170131226
109576192
170131226
4278975085
4137222187
54788932
2881177
4201512715
4279896611
1672
4279896611
4201512715
2881177
54788932
4137222187
4278975085
170131226
109576192
170131226
4278975085
4137222187
54788932
2881177
4201512715
4279896611
1672
4279896611
4201512715
2881177
54788932
4137222187
4278975085
170131226
109576192
170131226
4278975085
4137222187
54788932
2881177
4201512715
4279896611
1672
4279896611
4201512715
2881177
54788932
4137222187
4278975085
170131226
109576192
170131226
4278975085
4137222187
54788932
2881177
4201512715
4279896611
1672
4279896611
4201512715
2881177
54788932
4137222187
4278975085
170131226
109576192
170131226
4278975085
4137222187
54788932
2881177
4201512715
4279896611
1672
4279896611
4201512715
2881177
63242932
136905049
4269208917
67436354
28116726
4138008477
1117050
61275355
111936328
4250994550
4162781657
68684117
24312315
111214192
45614161
4289071631
179372032
4289132017
45677487
111149456
24249861
68744875
4162846247
4251056266
112000184
61211429
1176710
4137943139
28178698
67371198
4269148843
136969895
71826909
42402822
4229301603
4144300615
94373796
79823013
4225762554
4230217660
4254790698
4155048014
4148886913
86244238
4291756932
4189521849
105252738
14091901
4115595264
14154115
105314430
4189583431
4291820668
86180978
4148822655
4155113394
4254731222
4230152260
4225825542
79888219
94435420
4144364985
4229364381
42466298
71762467
136905049
4269208917
67436354
28116726
4138008477
1117050
61275355
111936328
4250994550
4162781657
68684117
24312315
111214192
45614161
4289071631
35849287
78773807
7535274
30281953
4213898399
24903725
45876984
4250468354
86637271
89127094
13173936
58064736
114097730
4158914033
4213373445
11271048
4115595264
11207800
4213310971
4158849551
114033086
57999520
13237072
89065290
86574377
4250533886
45938952
24969171
4213834593
30338847
7472470
78709201
4187420531
4131455280
187825436
187040690
51509839
4162845524
4108844785
4200005019
4280090851
4244044761
4219205805
150797037
59177132
20314171
89392719
4267179980
4259119104
4267114548
89455025
20252613
59115348
150734099
4219144019
4243981351
4280155933
4199940709
4108779791
4162782380
51447217
187104334
187761380
4131520208
4187359373
78773807
7535274
30281953
4213898399
24903725
45876984
4250468354
86637271
89127094
13173936
58064736
114097730
4158914033
4213373445
11271048
4197056637
52428828
62061915
77986701
4146524620
4268490000
174849213
44697113
4247522851
109901518
92537141
4216259365
74118683
143719891
4225698680
4158981199
4261935725
4225498187
4221958318
4229236348
4152691156
4217896406
46463479
72743857
4257351203
4222617841
4251450353
88800677
149030883
83952182
124256762
96600484
121046505
4268228625
4191878453
47383584
14350496
4278582980
89328061
183111016
69468571
60620549
4246537563
4272422957
118620728
4183684313
4286448181
10421284
4289657201
4275963245
4163107831
117636781
4186308761
4121754938
88668638
4192663349
4288675276
63634918
4188535453
4280680282
4206363746
4197316816
4289659353
4151576376
4278452474
52428828
62061915
77986701
4146524620
4268490000
174849213
44697113
4247522851
109901518
92537141
4216259365
74118683
143719891
4225698680
4158981199
4244110962
4234479505
96534026
74774635
10158626
4291622686
20182580
111803158
114885271
70059063
4193779502
4179690524
128516768
80936690
4183227887
4150003007
4259121161
4251911854
4261480459
3343911
4238278404
4275175026
4279829786
4281137157
137360497
65207803
4221764963
156568286
4245554858
4291887476
145161952
4071752495
30278428
4242474575
4275045012
202965544
4262200783
43449139
16189091
84738543
44758662
35193497
37946080
4237426072
4243519949
4098031889
4215996685
92404573
228523738
4083939861
3982491139
114688632
4220320514
58588393
4292082989
4173790868
4284284109
4279170463
53871344
4252631335
126483521
77004785
4234410455
53673866
4226220663
4234479505
96534026
74774635
10158626
4291622686
20182580
111803158
114885271
70059063
4193779502
4179690524
128516768
80936690
4183227887
4150003007
20643650
4256367293
50989062
145423257
21954126
4262724746
4124246707
4171496920
4257547500
15792782
87945005
96207076
4282319996
4246730497
4293325286
4223925003
41221430
4153868947
41287956
143392295
4155900206
4783562
4166976127
93058866
75303133
4193195039
222101070
99876697
4176806184
4203088589
77661006
4267310791
4207017818
131267618
108595647
4235264259
16383036
8846920
4173463357
4283499347
4222355086
65144851
75235920
4226154553
4229692274
4212652837
4269997094
17039453
278069206
4232774534
10619030
216267624
4098751761
135200228
45153549
4205379036
4241749879
4119591973
4292542949
4247455684
9112753
17105997
4289198795
84736406
77067900
4256367293
50989062
145423257
21954126
4262724746
4124246707
4171496920
4257547500
15792782
87945005
96207076
4282319996
4246730497
4293325286
4223925003
8192524
4271702766
4127521829
4254073188
4267638856
26151157
220596565
63112984
4220060312
4144233471
4229432243
4290509760
11074060
38864888
4234281039
49740746
107478788
145227331
8584383
4179556938
4294050069
788865
4186897321
4209374773
27656858
4231725186
49874039
4256824937
4222418445
8783052
4144823254
13699226
90768201
131724538
4062716
31654517
108724182
27722185
40174618
4134993190
4243323928
4181458181
69206949
100007710
4184670575
250282793
41284381
58067641
156699431
19069170
70253776
4211735190
4291623645
65601277
4248045040
4234409280
120979293
10487205
4172280339
4272424383
4213768840
66584812
41878276
4149999380
4270196450
4271702766
4127521829
4254073188
4267638856
26151157
220596565
63112984
4220060312
4144233471
4229432243
4290509760
11074060
38864888
4234281039
49740746
4278582393
4228251558
135987579
113112606
4232578917
4131979616
4227857782
75300390
4220387616
4116317334
4191353269
19270329
108462455
50787475
74318855
78706535
4129880349
4202366620
53084947
28509717
4289002307
4158323357
4174447630
4232182523
4294376093
4181392555
4248175051
128448979
59046993
29820866
63829791
138936691
4138142798
4248045445
35193935
4095147450
27525008
35585299
170130314
87097494
30607795
157811092
45088057
79821506
4257150744
73532818
119930512
117636785
131576
4222549611
150342457
4203349781
4203937224
58852804
69207482
4283040424
4251649295
31127139
4246011310
86770100
4275500243
4244176667
42664834
4192077012
4154718701
4228251558
135987579
113112606
4232578917
4131979616
4227857782
75300390
4220387616
4116317334
4191353269
19270329
108462455
50787475
74318855
78706535
4161535854
68944392
4272358073
53476897
4150457663
4288675195
4278388032
4016963097
5571530
91489477
4262920169
4288282647
23722577
4252694915
52297449
4217830584
24704259
132512440
4169728688
4284155933
12125802
36894706
4287037080
40240359
56884901
4269934109
147062794
22608503
43123133
5503593
4153868725
4201646896
4281268885
177141116
118488820
16186432
54067175
4259384571
4236902415
62520023
5439862
7994551
67437242
59441555
4225303211
4250993388
137298085
4246995904
112982091
99088457
50659625
197788590
4153408321
4137876512
4232972038
4279499970
4227137547
34211806
4289528061
4124114946
4275831111
4128178406
118161982
72353582
4193191359
68944392
4272358073
53476897
4150457663
4288675195
4278388032
4016963097
5571530
91489477
4262920169
4288282647
23722577
4252694915
52297449
4217830584
75692253
4106095631
131533372
4262527618
4256693916
4245619515
4106683374
4281138692
90833317
113573648
26346282
133038151
4170383462
4219471750
4242145911
4223796647
151191762
4285463381
81131989
4250268967
4274517698
14875195
17039898
64815733
4173069578
4285989324
4238215495
4242603780
4198233463
4202955471
4237952433
4251581412
88078874
4287692033
4187030815
4130405712
5830238
4253614461
42925371
131334670
4226155335
26739222
13898367
4276355211
4171495220
4128112310
4115594274
4160225893
63438638
110821928
4240309863
3995511
229180717
54263967
245954200
45416564
4207870794
212729636
4283693638
51575870
58788121
107086782
17825259
146209685
126614711
4106095631
131533372
4262527618
4256693916
4245619515
4106683374
4281138692
90833317
113573648
26346282
133038151
4170383462
4219471750
4242145911
4223796647
115474601
139396577
33361964
18809097
11467784
4219010824
4262985800
4248308761
149159471
4850897
4253548060
170129318
94173827
54258800
4291230811
4269340970
4209638375
4280156646
4262855192
19268964
111344517
4199810578
4292279893
55769712
4291495682
11012875
45678774
4238211683
4202628491
148372502
110952501
198576010
178848204
4150919317
4196596709
4268357696
62520151
176815693
4220909583
4176020153
32507412
25690431
71239036
4148627332
4202432960
127073761
4193843441
4146396587
4187751701
4159767366
4273403867
94830674
4241949510
4075616643
4136304619
67831088
20053314
4183818580
241501548
4290576294
4077715128
64618813
4270520747
4288215134
79757440
139396577
33361964
18809097
11467784
4219010824
4262985800
4248308761
149159471
4850897
4253548060
170129318
94173827
54258800
4291230811
4269340970
4260495466
17889500
4205574830
4139780940
4175038870
4225892445
4294967037
4280089329
25101093
4291887976
4277269206
4273076672
4281599645
4283169178
4210489543
4242473769
4251059435
4241162560
4148558935
52036256
76350073
4172023567
60359185
26474081
59243662
117506575
33752652
4223008066
4159177211
4210359889
4248958797
75366401
62344
25624292
75562973
117307858
131072700
4278713307
4193975869
4148428290
79432102
62065013
105184947
94307461
4122802945
9829807
118359329
30342794
4256366760
75302060
20579257
61211474
121634724
4247912056
167773394
4270589653
12321902
160693996
4049598610
4190960354
90244166
28311492
61471121
46793739
16516333
17889500
4205574830
4139780940
4175038870
4225892445
4294967037
4280089329
25101093
4291887976
4277269206
4273076672
4281599645
4283169178
4210489543
4242473769
4217964006
14285521
4213438067
4243586972
166527494
125896603
1835716
4161534278
522260
4189583787
4210687753
4263050237
4208001302
108004462
4254793794
4248107688
11204389
4264034128
4205706425
4238342635
15136591
4234541619
105055922
4185652427
4176738474
186647964
4192600356
4189782088
85196616
4256428854
4267377761
4226025369
4261937405
95029517
4246665771
52100209
117045832
95941958
10160183
4203874154
109576541
4196335064
4237033237
111150256
74253501
135135476
4281662466
69271445
76940188
56755011
4165074660
3959029219
4205509797
4281859005
13173093
35455735
4270195895
6684832
175767430
169610383
26610003
51577002
149031206
65408020
4184934114
14285521
4213438067
4243586972
166527494
125896603
1835716
4161534278
522260
4189583787
4210687753
4263050237
4208001302
108004462
4254793794
4248107688
52361500
4156753245
4257153545
4246599645
4254072687
151519663
4257350967
4157603155
39385388
61798998
54984214
91358227
64159761
4259710105
97715431
4261476611
4231658638
15467471
4222024636
33553770
4294706514
183697983
20577700
4251450996
66519527
4233755994
67305043
4102292065
4243650418
37352933
4228121332
68682305
55050829
169740923
4249224127
135133435
159316865
4190177459
124978329
60552862
4244700329
4266264000
69012079
108660253
107935196
38794647
4218617994
36829953
24902379
4202431299
4115007214
4103341439
4188012142
4151771892
4126998348
57147879
4217439820
4135387085
79234147
4188011103
44498674
105382859
4202561353
162726691
93584147
4156753245
4257153545
4246599645
4254072687
151519663
4257350967
4157603155
39385388
61798998
54984214
91358227
64159761
4259710105
97715431
4261476611
4217897526
4212326949
4215862303
4264821882
4198696069
4237557745
154860528
31258827
34081247
4143184243
4231984673
34601123
4143578101
4229565088
4251712586
217514692
60621010
4210032840
4392737
4190894524
4201382694
4214096526
72875355
62848033
106755978
91028230
44695485
13828202
36503319
92604115
4192338767
41353375
4275699714
4226809269
56888081
55249010
46463111
4286708342
64422024
4246928137
4293919048
4197386637
4205903713
72678061
4216981169
31787510
195296924
133760689
4212327366
38598631
57083355
96992671
121567719
4249487951
177077531
4225889329
4265345175
98043929
4099211908
4289264729
61013740
4201642887
4216847472
4276682895
4204201949
4212326949
4215862303
4264821882
4198696069
4237557745
154860528
31258827
34081247
4143184243
4231984673
34601123
4143578101
4229565088
4251712586
217514692
4284023350
4217239813
4164615347
8321810
40370866
4258597033
53213453
4221175187
4266983140
4294048213
4173332770
45220262
41091122
6420346
110033606
31194700
4171039602
4192863429
19202732
4292805291
4229366470
42009059
62979707
4189520459
4163306136
4129749934
4279957910
130940363
4212392820
71173668
187957514
6161746
27525961
4263640186
4283497864
4289591631
4210686189
162592384
226955071
92210323
116125290
52497276
35781491
4293654420
4211409726
4257808016
4293329305
19723969
2948490
38338983
83360304
4259643973
21565449
274991194
119996766
4199873996
43646396
57017821
30474001
4197713746
4023843435
4173330341
11077856
4245160894
4212458394
4217239813
4164615347
8321810
40370866
4258597033
53213453
4221175187
4266983140
4294048213
4173332770
45220262
41091122
6420346
110033606
31194700
4215209754
4267313182
4284612394
17169188
100335166
4281727273
14286126
63241328
147196572
4268033694
19922529
233048329
4272948987
4194564333
134413415
30672158
2686472
91882658
4130996766
4257742459
25492367
4291492306
53805752
4189845006
103086677
116063588
4265868113
85986037
117901572
87491026
90176132
4211341700
4193254919
49283950
4223207294
59832954
4282252300
4157017425
21498564
27262780
100465483
64618367
22676131
4210819310
4202692746
4128989
14810953
4287100582
4231854113
4262395385
4140695836
4208919640
4248174505
4206691304
7666824
4242865234
4164420867
4275634226
4285793351
4078109704
172426020
124843572
4090690235
68354919
4259248834
4267313182
4284612394
17169188
100335166
4281727273
14286126
63241328
147196572
4268033694
19922529
233048329
4272948987
4194564333
134413415
30672158
4277075318
41945681
4261871304
4152948222
4267899888
4233362732
58718298
80609161
4168418891
4282973525
136447108
108726594
4256498445
18546634
207485066
10091222
22151126
92668627
4276158539
156236114
120192181
4272488664
4177198923
4045996432
63767662
305856873
4269016512
4146791429
70909833
4238933750
4173855746
75431359
5567746
4281729026
74909528
4208918561
4260759025
109904452
4186770202
4289331744
192674481
45546692
4276812346
4207020823
49149968
92274229
4201450156
117569158
109969870
4223336176
18480714
4230218632
4269210835
4253350657
4064739060
4244571555
4242275470
4206559270
42468332
4227335434
17564178
12973445
4215735382
1180199
4256496868
41945681
4261871304
4152948222
4267899888
4233362732
58718298
80609161
4168418891
4282973525
136447108
108726594
4256498445
18546634
207485066
10091222
26279641
4245946520
47514994
4276945797
4130862612
4285990341
106234726
69599427
88539020
31062384
90833980
41289732
4151245120
4253809823
92867807
4272423734
4187752373
38077497
4265737350
4121561447
4128506323
132904179
162527567
4099014042
4290246227
4289199935
4258265195
84340826
4266264077
11928818
4277797036
71434442
167838075
114820702
4180999499
4142856374
26278674
4250271070
35981043
28836017
10614933
28508054
4218944191
60751961
127665335
41485834
87557037
4160746743
3962043115
4263509278
4227661312
4241096750
106299872
68486367
69535197
4126802175
4266785766
4291889529
4215996967
119408672
4229760468
25491109
210895727
134871830
30342621
4245946520
47514994
4276945797
4130862612
4285990341
106234726
69599427
88539020
31062384
90833980
41289732
4151245120
4253809823
92867807
4272423734
33095952
62390111
4171758245
4289396520
4008905251
4272225348
164037490
4207739790
16514785
4253680134
4262526332
172555981
167834941
4270260390
233113165
27064426
4160029763
4272817304
4106025264
75627869
4289398472
38077344
53151079
34409853
4246601865
4132042893
121569368
4244899313
157418813
97583697
33357303
290192652
68812466
1571576
4185718465
4152362504
4195810328
153285251
3538970
4128898866
16644668
4257284732
19658915
4152622008
4250598692
4220255792
4154788160
59571372
135003488
231144230
4259903969
4203743513
71696243
83098769
4209508965
4242670999
37358153
4221240204
4180869174
4117102751
4245357178
4220452244
24575682
124191468
173406827
62390111
4171758245
4289396520
4008905251
4272225348
164037490
4207739790
16514785
4253680134
4262526332
172555981
167834941
4270260390
233113165
27064426
4151901892
279185157
23723367
31850011
195492198
63371086
61277108
164102603
174849330
4214423948
4211017839
4234084299
4226810261
39452640
95095311
47909846
4149345422
4230610227
4229165905
26606634
90243887
4204200988
4234608492
4069719007
4250207175
129039666
4212653677
4294047954
104530179
71370848
4248306998
47121951
90768327
77925052
125173269
4172740744
4162191389
114164829
4291559016
4169267432
89390982
4240899357
4246077811
78841254
4101899692
81984286
175175947
4244045731
4215143734
4138336460
4242080962
4262595062
89258863
10941142
4183359212
25821552
4273731154
108066253
4260036995
4229432686
46662874
4118608096
66782971
4204856752
4143708485
279185157
23723367
31850011
195492198
63371086
61277108
164102603
174849330
4214423948
4211017839
4234084299
4226810261
39452640
95095311
47909846
4273077874
33096199
86704300
64549366
67630043
4230151731
7931348
104989621
4243062850
48630105
42665159
4230938717
4207673934
45023949
66125932
4283956255
16646018
4177133130
4082499440
14744512
108987059
32572514
145291754
16842412
34667109
3015253
4228447544
61471884
4184017890
13565076
4178245941
4046847268
4286774119
53017651
68223222
23001732
169148593
59181536
4220319687
4247847001
30015254
74251860
4118608818
4202559814
4264169226
4143447552
28638677
88016455
4041738585
4193257747
97908119
4164419496
4290379834
4235527744
18745590
127138371
4271375100
23265890
116063881
108069622
4248897242
110166028
57014354
4280156246
101777494
33096199
86704300
64549366
67630043
4230151731
7931348
104989621
4243062850
48630105
42665159
4230938717
4207673934
45023949
66125932
4283956255
33096038
90505895
98040521
4214885368
110429258
84805131
4252699824
115734643
4194175338
4259579370
4293197962
19922628
10746630
4226090304
44432751
4213245422
4272946612
4258594470
90310476
106822605
4232773921
161087093
3865959
4165205896
4260822526
20708922
4278516306
4144693648
4179364673
43252505
113834426
4256892008
66124899
114295362
4206887353
4053336807
4145481044
126551358
9831712
3471530
117308290
27262780
4291034663
4237030783
4209047353
7404375
51116331
523507
148765880
90047794
4198825031
4276027447
4209180945
111278482
281151797
4271702414
4268751311
4210424471
4181197897
111543694
4210818369
4171563559
4229495935
4231002207
49546057
90505895
98040521
4214885368
110429258
84805131
4252699824
115734643
4194175338
4259579370
4293197962
19922628
10746630
4226090304
44432751
4213245422
4261936922
42796262
4153277951
4294443965
88275749
65870
4182508692
4286576293
27066266
154797098
162201267
4179887457
4280027577
4177396146
4146594778
100203262
107414847
73925220
4225562876
4180411006
20247260
82510881
4256036252
58126847
146279991
4216585183
74644426
4247911061
4034200336
4287037663
4223661993
4176020942
4256496109
63502643
190778173
142607443
60488854
4248174750
4201313407
4184407499
4278978965
4250992242
4287691047
145817221
4248964035
30213789
39451827
67499829
195232500
4149739226
4215403740
37290344
4291231684
99288046
52296658
4293918332
4203741911
4252502360
90771802
175963927
4253549817
4186570057
65272958
4128178671
4250927232
42796262
4153277951
4294443965
88275749
65870
4182508692
4286576293
27066266
154797098
162201267
4179887457
4280027577
4177396146
4146594778
100203262
77135787
4251123316
4226351785
18874374
93257167
65339471
4240112408
163644429
4292475820
4193713348
96862954
4264293598
54067310
56494150
4100982001
4287890349
66190143
4266656395
4163765331
4118150026
78510659
4225563976
4184606111
4232709192
4233364584
12649261
4092525953
4256301026
118685443
65797663
4231200816
4232382024
90767949
126549487
56819277
4131521045
163251054
151123162
4155833421
10812670
4187553221
4069066269
4126406979
19069471
86506114
59245291
79954870
155058246
16386477
6816018
226230860
4283566121
61276640
4273601001
4077191850
4206232889
4268621703
85983343
15071613
146080982
4277929149
4287562712
215810553
4291424696
46856727
4251123316
4226351785
18874374
93257167
65339471
4240112408
163644429
4292475820
4193713348
96862954
4264293598
54067310
56494150
4100982001
4287890349
4235854119
51185656
4187290907
78315814
4226353308
4220584569
4187752202
4166846301
108595032
11927484
3144224
4130864607
4237948879
71237257
11271694
4234541467
4229038248
54984997
4252304887
4237165551
4186570346
44235330
69729292
4237098307
4293786268
63046173
108199061
4250794841
52296100
215483183
194448866
50132117
4231723249
4218158716
54590911
93783824
4249419527
13896646
4230219076
36241515
4290908732
4292673032
91683025
55837987
167049432
4233100380
103088999
4250467284
4190371336
282720133
67303617
4251778910
4242601643
64684311
4201187262
4233756529
72875901
4234216115
2031100
4146265051
4165862399
19528673
195558430
4175169159
4110616335
51185656
4187290907
78315814
4226353308
4220584569
4187752202
4166846301
108595032
11927484
3144224
4130864607
4237948879
71237257
11271694
4234541467
4191944283
25363294
7143834
4150066331
4128115289
107348865
54002033
74712514
76743543
4148951027
4194237693
52430773
109574299
4210363206
4288611197
43055845
90901119
37288982
13108655
270730512
4189126505
3408809
153222567
4192797909
9111163
4241620416
4282188284
4273274914
4271110755
4262725336
4276025698
4126573
4204201869
84539507
117764416
4242996157
4132896961
15530777
90897900
4244699568
4223793473
4228709949
128907808
121438581
40108308
147850542
49808566
4250009468
74187340
6881289
4192860523
4205246459
4157538804
48823692
61407324
4143252393
4148298084
4223795799
4222024373
4279567426
72419831
109117421
210500556
4269669905
4154719247
25363294
7143834
4150066331
4128115289
107348865
54002033
74712514
76743543
4148951027
4194237693
52430773
109574299
4210363206
4288611197
43055845
11078062
4195746317
29229105
8978489
28245948
37421160
109117501
32899129
118425036
109512120
4249812695
22086127
4162781728
4052221015
4181327773
225117333
228460931
4224909110
43383314
4272093885
4246138639
4216585260
4101572472
57147926
4255250908
4277400972
100531879
4272357242
111213749
47121766
10881859
111148816
46857735
4235262824
4271437005
11008841
4179754243
4288283123
6813910
4182704037
4187619271
4267637212
35459059
24247476
44365663
4248830806
4290182793
4228186901
35716280
191496868
4273208227
30601795
4287891724
136644709
115408291
4188670131
6814882
4136040373
14225004
81003631
4282777253
20776254
4144889592
4286187058
4226222301
4195746317
29229105
8978489
28245948
37421160
109117501
32899129
118425036
109512120
4249812695
22086127
4162781728
4052221015
4181327773
225117333
185730073
4293589465
4164744579
32308675
4224976862
4191290040
4264818466
69599361
89325940
6487213
4168417105
4238672568
42597210
4202165553
4184015654
8520690
143197419
2359588
4283432054
140313100
4220648553
4267638935
94372009
4258791199
4289659583
4234413367
4229037752
61536662
32506742
4261477842
4180672878
56755650
115541061
4191159231
61668732
4266327185
4047303023
4282186048
67502406
6686517
42732458
106429983
15468063
4268491281
82836790
4290314661
4272357555
4274325415
4223337456
63177086
4244635583
4199286556
29033908
4194761209
4264493693
4246666336
49413776
182257298
4294768886
183040778
7274674
4211278721
146669690
17955081
143130287
4293589465
4164744579
32308675
4224976862
4191290040
4264818466
69599361
89325940
6487213
4168417105
4238672568
42597210
4202165553
4184015654
8520690
118358939
4170513944
4255974990
4063692306
4126933646
218043616
33359994
4283040372
91882767
4187748723
21038014
51187741
4286185247
4254793876
4292413898
82510028
4261872204
105641177
57080114
4252959108
4265997764
4176674941
4270194259
4250728680
4283169504
4274910772
4252106971
93717412
13434775
16057296
25690648
4200269308
49610334
89455986
4274456051
4232117293
4209508926
49412579
4255249225
24639560
216333377
20318995
4259643099
4158324803
4169990300
106559224
90307702
23134357
77136796
89390630
62062848
69008829
4148363312
4135582163
4254923394
4209510979
4251907761
4277270289
85720904
6226145
4272357887
25166081
2032734
227016338
93520458
4170513944
4255974990
4063692306
4126933646
218043616
33359994
4283040372
91882767
4187748723
21038014
51187741
4286185247
4254793876
4292413898
82510028