316.33517021411035,
237.64917905910264,
256.9455082343585,
254.2438824003836,
283.7782206474456,
288.01192270647937,
272.47910977436794,
161.97842988527051,
242.37812643338108,
257.64960531534945,
234.27559552249755,
86.60971721410743,
222.9696756274404,
62.99480019115963,
228.1919655075927,
216.95803709790755,
42.34521958226174,
211.3071346747976,
36.07213278519397,
29.473177023027162,
3.7991319325028865,
31.150063880553365,
27.775201758038914,
27.04761553069249,
28.217098184257093,
27.83948278335326,
25.164768512892167,
25.18252512143473,
25.94025830293122,
24.589490743495773,
24.507329360986887,
