311.51716599910725,
298.9315782598598,
278.4995111958858,
246.75856198516135,
267.7459685097796,
286.8990489386667,
217.10565481812438,
262.9529274072363,
265.366847246865,
254.4184541646295,
109.13374495326627,
229.074349195163,
243.16380386332736,
228.76458830242333,
226.53594577993002,
13.552385690844181,
218.97130249143763,
229.5386183053654,
217.14725881877484,
217.7303309910196,
219.38128320658842,
220.00868229345105,
218.94588226481346,
220.26509261284298,
221.47326061402887,
218.80839197024702,
219.8499797548518,
219.05892153868479,
218.95785431535904,
219.98884724963406,
219.16451639051613,
