539.6804787850032,
507.9761422807682,
492.0658823507414,
479.35502003381777,
406.91938564104305,
323.7708842432924,
238.03642923101302,
148.2801853778947,
92.9470654784326,
58.02382314616173,
34.931949330572714,
21.376508165013263,
15.953132242956755,
11.569239094257101,
8.544571839377223,
5.787653709893415,
6.575298627171234,
6.475783363942833,
6.595566321529021,
7.045921378315337,
7.491233748225034,
8.04334809939028,
8.750887958957449,
8.988730919594898,
9.533506668072778,
10.25146381504153,
10.52721801171702,
11.04274780017426,
11.586899851231232,
12.061724516228375,
12.434978139776621,
