311.96588178974326,
332.2758287912028,
320.06311791661915,
286.57919027751154,
270.56704553214934,
286.0603733569895,
200.8616645410641,
251.93499458064207,
250.11309083956073,
249.35444743371397,
91.96179661951057,
218.7101606994214,
232.0010896640678,
219.8958744616875,
217.59694622399533,
3.9957509138160314,
209.7187700057367,
224.19218147122766,
209.19095896468426,
207.85423526758245,
212.48358544389566,
209.67734309721428,
210.76916971169857,
210.9263834508706,
211.46078436333798,
209.9307981808815,
210.32833668478347,
210.5342673465517,
210.9616973461263,
210.86483885198496,
210.2874966693741,
