447.92843978862663,
264.2648437215965,
270.42505338494686,
260.35043104686923,
283.4696131317784,
290.97234778195326,
278.5259180421319,
181.38293101056567,
252.52355408295264,
257.5378956112278,
242.13509549747047,
97.45010102359919,
231.83270307325066,
77.92691255470909,
235.22578824972197,
229.37177880943227,
55.678322805250446,
220.7717414056514,
47.79385572875332,
44.340013127798095,
13.811003778843087,
43.52056266919111,
39.441125060515176,
38.78953290666492,
38.874981728527054,
39.57950773838861,
37.59254693273079,
37.68268663832495,
37.63360288266197,
35.35199969910787,
35.42877466465262,
