275.6226230697085,
314.49773095298383,
374.63635300380076,
417.9880337786062,
370.1365407253305,
350.2068509888833,
326.67603882018494,
284.8361356810896,
230.48319262555813,
173.06821356546124,
116.66149299118193,
72.57837446781473,
49.99619994711402,
36.08972773585594,
27.481687310261375,
21.426928617780494,
17.520103669685376,
14.937594098459481,
12.726545539340876,
11.328649625733206,
10.138022796627515,
8.820137381574604,
8.115830408895933,
7.453716881221476,
7.098528044769842,
6.564474499034034,
6.379348148317722,
6.175115409900539,
5.967817648315842,
5.858072793329418,
5.799042314655796,
