372.57867078810597,
339.9918110321426,
359.4910292946981,
393.35996333781344,
405.3597830914388,
338.7931316816876,
273.9064919931171,
190.67626270655273,
126.51822196935628,
80.26638690231655,
47.68632845187381,
29.965516243315996,
20.609866378183906,
14.84068282278845,
10.72210455002846,
6.7196176768533515,
6.263322321180806,
5.647359642752526,
5.235290502844152,
4.9297621913422764,
4.9917924596844045,
5.298135695198474,
5.5766432068486065,
5.767082902705893,
6.141188897614072,
6.2565088734786585,
6.521916215607182,
6.637415273223241,
6.76089651373051,
6.8504456645861485,
6.906252732640605,
