286.2359223075505,
227.18862311541017,
242.02980464347067,
244.50021703383536,
282.9837871485081,
289.65994522006815,
278.47068215287055,
181.21467469483807,
253.08705576378668,
259.6105429312197,
245.1028560748741,
95.43868211187468,
234.60380494879607,
76.66624526695482,
233.22006210104934,
228.4631300645791,
52.5998453005052,
223.92841761914374,
42.35236340146319,
37.33387592971697,
39.00515917781247,
34.11174739190611,
33.42665775793063,
32.658549536166184,
30.961569440204716,
13.059737801487607,
28.984489591124404,
30.078874110017313,
26.725577662598376,
27.89463015372294,
27.083668901984897,
