311.6399417993156,
319.3355194059991,
308.48053716268845,
293.2743487618417,
290.88262165093596,
280.3443898112292,
170.5619358576901,
245.62946262909887,
247.38766291529723,
243.7354704742448,
4.325342181497166,
214.0622559020577,
229.51464585065997,
217.8329992186142,
215.0495702496524,
82.24413248929203,
212.92359241253837,
228.240190933702,
215.0446550938093,
215.9068360057598,
217.18999412436568,
215.2636440005786,
216.30372888743307,
217.41012838555946,
219.6175408111997,
216.69564219700635,
217.06890177477388,
216.098926749934,
218.38278020735365,
216.24867459792492,
217.62530184369058,
