347.4086698965043,
232.22903892365707,
250.15536363452372,
253.2838603577104,
282.80130977905543,
292.74551354625623,
278.2451769990842,
183.5299573056955,
251.2969654675777,
258.2169145767957,
242.08943577833872,
96.18407899817153,
231.86994619534622,
72.79650433488005,
235.7245669786996,
226.64311711643606,
51.00936123028821,
225.998774379271,
42.91393657286706,
37.7548521532979,
35.90709943675142,
30.750444046589262,
29.48062858846569,
27.66992019172526,
26.024257217743372,
27.342886062176493,
26.35139950032123,
25.809773953345655,
23.71185512587633,
23.90807877267174,
13.426024730430825,
