387.5242350017277,
253.99036179194454,
254.14304603074842,
247.09754026003716,
284.94582043296947,
288.46748587349475,
272.02380230640284,
165.4453556753026,
244.18917315115795,
252.54994472305083,
234.18181033377158,
80.27830440470758,
225.04552683728966,
60.49470601094106,
229.4422887007102,
215.53746244533556,
37.91930158326536,
216.48185662011156,
30.10151566666691,
26.403009874931907,
26.88002597345244,
22.57555925886306,
21.637852808856053,
20.775245049000883,
19.79439804427775,
3.8070816728766097,
18.632896917554934,
20.111897084113043,
17.159630384568153,
17.164791672210008,
15.782221835279694,
