425.01633995196727,
425.8791231313415,
427.04299646451767,
428.7386642716364,
432.4629868923194,
436.41714920862205,
437.44871029257223,
438.6998585480494,
439.3056146607536,
439.48478728152315,
439.4206342090144,
439.2425178163957,
439.1021661477548,
439.0544379749311,
438.94502008058004,
438.6422511667678,
438.33501472918044,
438.39010838257894,
438.2060257978066,
438.093363304633,
437.90761811671337,
437.8557471125474,
437.8249622241252,
437.6970167420174,
437.62852289903185,
437.59946208151894,
437.48836844031376,
437.3952250674583,
437.35680123485605,
437.31222983078146,
437.26912767137475,
