254.3230822222085,
232.70077448332174,
211.18741986662317,
188.30853308569817,
149.78641349609143,
104.19580654178652,
76.07944857841338,
60.82751758403659,
54.40122594225884,
48.51217082400962,
42.80956020269999,
39.52799764777515,
36.720686734138674,
34.81997017131488,
32.88203415665563,
31.46630372282945,
30.45028202707011,
29.13415781661711,
28.25542339670324,
27.308274454872038,
26.788044628636502,
26.231793750811097,
25.726180242220458,
25.278209151724287,
24.850871423822486,
24.622543445659794,
24.340915408333547,
24.21300978985694,
23.953249122409975,
23.701824358898023,
23.556495009135404,
