231.06399309811013,
258.91559756630727,
306.4032397770239,
337.71807842803054,
344.4143753867077,
319.4899129005196,
288.31878272604825,
235.73492931742706,
179.8424479966636,
131.16835898245128,
88.82942908658866,
58.78928520595846,
40.80386302210833,
30.264346411538362,
22.992658201536646,
18.33857516260058,
14.693069066375536,
12.515923654843945,
10.733208346819877,
9.447417680279257,
8.48520016232773,
7.6291247543902125,
7.0667411198363475,
6.713149127257587,
6.311708397742704,
6.059509899387811,
5.740130428467755,
5.487077450701392,
5.297421498234644,
5.103609787436516,
4.999653554914999,
