265.44376297600263,
159.33736130503996,
92.46988754761931,
45.16258156183928,
63.27104034239206,
58.59121547495078,
19.308425524393257,
11.32940965759129,
16.532085827677122,
66.83526962599841,
13.566522161185283,
6.538286504429646,
15.215547037511344,
5.766350595065174,
25.87023589266018,
12.335708102102231,
5.205484618632538,
14.84429608528206,
4.739290913741335,
4.487012024209621,
4.521295229823448,
4.4405827748364715,
4.587020077959747,
4.440788572150239,
4.497203458497655,
4.410998349276719,
4.521437435049405,
4.3592546154487835,
4.341963705192396,
4.3059297666803715,
4.300750510234794,
