271.11604771434025,
225.68763152625664,
243.29300780155398,
242.20541748504792,
277.9947047261261,
285.4628428556841,
270.13516183501315,
170.1191877476649,
242.19848238943834,
253.28084568217068,
232.6500130285134,
92.35974524835747,
222.86439509917753,
67.1412042195729,
225.34243234179195,
212.7484715764516,
44.41641145363916,
214.52708843676848,
35.543144801283916,
31.62700371869706,
28.16781371374508,
24.324497136847427,
23.152733916786836,
21.790781656955154,
20.492375878226074,
19.844982018520497,
20.51156259969949,
18.81944182058432,
16.859241593421086,
18.081750756784082,
3.2837115309796876,
