292.4171367122365,
292.99488594322355,
331.00146636589153,
389.9756556752118,
394.7019326726983,
318.5096003570165,
266.5377833654837,
220.8407848373909,
180.14550459070188,
137.6108231011968,
99.29151947906162,
67.1320881030047,
48.88234553040026,
37.475826126807924,
29.629811349981996,
24.276640905992256,
20.535930129774357,
18.0727264987568,
16.109610726530445,
14.715481066873437,
13.772254128411488,
12.987363645139437,
12.408679492228655,
12.029541469952633,
11.851120542771953,
11.572503503421753,
11.533837670586784,
11.436976413334554,
11.37277927158773,
11.262817973020105,
11.20015827590305,
