270.47302855846016,
359.3968798513427,
392.6269318141327,
394.2769080756403,
350.20247933673744,
296.74789124842954,
244.20002233111518,
174.02951410663192,
111.55538258459669,
70.99945944393238,
44.29534632878155,
28.477233216363935,
21.14084254595693,
17.04325567801767,
14.067889954454175,
11.441436685193647,
9.97595129056383,
8.996003295406375,
8.128211426042357,
7.841215678026698,
7.265172678558938,
7.253968871956901,
7.217123473784049,
7.31679735523748,
7.313131701599772,
7.362246282658763,
7.495119070667067,
7.466178954713008,
7.472838251006756,
7.530161606807739,
7.597994521557911,
