311.92475872727204,
279.72238722673865,
283.28447829133904,
269.63489895435407,
280.66802413101357,
287.7651215108531,
197.17037441261675,
262.2456360592194,
261.8595497176165,
255.5374888362151,
14.158439991075793,
225.8897535843675,
239.33158075406558,
226.5241077902654,
227.34967413502312,
99.44615039631218,
225.04757389466957,
238.8435114136998,
224.5042970297007,
225.82101254370667,
225.06661585848053,
225.1805488177962,
223.92220169900352,
225.60281380020245,
226.98967138505472,
226.41146430052797,
224.848869025183,
225.3860803027367,
226.33449283903084,
226.99278434433913,
225.7497637114612,
