4269671020
4181522808
54852450
130877064
77464734
130877064
54852450
4181522808
1182
113572216
4240243554
4164093576
4217504926
4164093576
4240243554
113572216
1182
4181522808
54852450
130877064
77464734
130877064
54852450
4181522808
1182
113572216
4240243554
4164093576
4217504926
4164093576
4240243554
113572216
1182
4181522808
54852450
130877064
77464734
130877064
54852450
4181522808
1182
113572216
4240243554
4164093576
4217504926
4164093576
4240243554
113572216
1182
4181522808
54852450
130877064
77464734
130877064
54852450
4181522808
1182
113572216
4240243554
4164093576
4217504926
4164093576
4240243554
113572216
1182
4181522808
54852450
130877064
77464734
130877064
54852450
4181522808
1182
113572216
4240243554
4164093576
4217504926
4164093576
4240243554
113572216
1182
4181522808
54852450
130877064
77464734
130877064
54852450
4181522808
1182
113572216
4240243554
4164093576
4217504926
4164093576
4240243554
113572216
1182
4181522808
54852450
130877064
77464734
130877064
54852450
4181522808
1182
113572216
4240243554
4164093576
4217504926
4164093576
4240243554
113572216
1182
4181522808
54852450
130877064
77464734
130877064
54852450
4181522808
1182
113572216
4240243554
4164093576
4217504926
4164093576
4240243554
113572216
1182
4181522808
54852450
130877064
77464734
130877064
54852450
4181522808
1182
113572216
4240243554
4164093576
4217504926
4164093576
4240243554
113572216
1182
4181522808
54852450
130877064
77464734
130877064
54852450
4181522808
1182
113572216
4240243554
4164093576
4217504926
4164093576
4240243554
113572216
4229234275
92601271
166526794
19658139
42990889
853885
4170513059
4178442934
4138337745
4229103171
17758436
70451912
147128190
4239390243
4279958312
113966315
1607
96994865
116455118
36832178
4266263595
4139907971
4198958547
48366201
60360242
4173267816
4151573757
4271507304
41353129
151322804
4234807188
4189324745
131598296
97122740
127204458
11798789
4289266294
124321434
4244502387
57211071
103941017
41485026
97778247
4219729601
69992010
61997618
4140697328
103876040
105316352
4243261130
4213767962
4129553583
4286449860
46662707
4175692046
4265868306
97646250
4206295309
4205050004
125632525
4247323279
4120576299
4283042284
4223075716
4163434536
92601271
166526794
19658139
42990889
853885
4170513059
4178442934
4138337745
4229103171
17758436
70451912
147128190
4239390243
4279958312
113966315
1607
96994865
116455118
36832178
4266263595
4139907971
4198958547
48366201
60360242
4173267816
4151573757
4271507304
41353129
151322804
4234807188
4189324745
131598296
97122740
127204458
11798789
4289266294
124321434
4244502387
57211071
103941017
41485026
97778247
4219729601
69992010
61997618
4140697328
103876040
105316352
4243261130
4213767962
4129553583
4286449860
46662707
4175692046
4265868306
97646250
4206295309
4205050004
125632525
4247323279
4120576299
4283042284
4223075716
4163434536
92601271
166526794
19658139
42990889
853885
4170513059
4178442934
4138337745
4229103171
17758436
70451912
147128190
4239390243
4279958312
113966315
1607
96994865
116455118
36832178
4266263595
4139907971
4198958547
48366201
60360242
4173267816
4151573757
4271507304
41353129
151322804
4234807188
4189324745
65798746
19924604
129432401
4285790928
4098161986
4266721488
187694448
210435643
130287791
4242407964
4230677103
15597613
4189191331
6226792
4275960267
4071423922
26345874
4289917612
4190895837
57147487
4238604721
2949358
40893483
35454174
145688516
4265282698
4251978543
13696593
4249023556
4208000883
4216391606
108790064
4242341888
4141679394
25299175
4194372139
4244047094
79102903
118292440
85525327
4164746647
4270125581
35390771
4243720210
68679944
18809022
4230545773
4260034964
4216060747
4187291114
23985193
12452127
4178052119
135462130
87228956
4061003396
4254595132
55510297
4292347660
62325943
83295479
170654209
149356930
52623069
64733
19924604
129432401
4285790928
4098161986
4266721488
187694448
210435643
130287791
4242407964
4230677103
15597613
4189191331
6226792
4275960267
4071423922
4268686958
49609248
47118099
4208916619
4270325583
14744130
4129095673
4281924475
123992457
4205448864
10618252
71302689
4203414528
4098162959
4200662245
143391283
4242406621
4197648523
82180705
17822789
67173003
4263576639
93061282
245430954
4186507107
4219207480
4294571548
4198629600
4283432583
4169923294
4145218254
4196401908
4216060747
2688000
40175056
153418557
92734185
4245683642
4184864565
4162650507
86704177
142869176
19333170
71367318
54330495
50267906
115673472
4248111024
4189714873
129039669
159385317
117572351
75432765
4204135488
3277095
45615236
3212587
25950237
4147509615
4256890127
48825735
4215081252
97518181
67108905
4216060747
49609248
47118099
4208916619
4270325583
14744130
4129095673
4281924475
123992457
4205448864
10618252
71302689
4203414528
4098162959
4200662245
143391283
4255514825
45153637
150469873
4284021500
4217700145
4456931
71566462
4290249778
4245553103
4290251367
4229104660
23328520
93912868
33228549
4258728495
4177855251
52625408
35522212
4090561889
4147248345
14480540
59440649
4187030219
4176084374
3213155
4261741648
20118340
4245160611
4268229788
90176197
4265473460
4280548557
4268686958
8060477
78708910
4282252356
40109002
51317559
54592170
4191552477
4133815927
147979066
4257545985
50989162
377355940
4260559728
4216911400
35910659
4189651747
114032180
198639984
106562361
22867791
4244962698
56230750
24639969
4186506539
4193059362
4154916151
4125030922
4271766940
56690343
69532836
87752713
4268623029
45153637
150469873
4284021500
4217700145
4456931
71566462
4290249778
4245553103
4290251367
4229104660
23328520
93912868
33228549
4258728495
4177855251
26346063
4181522808
54852450
130877064
77464734
130877064
54852450
4181522808
1182
113572216
4240243554
4164093576
4217504926
4164093576
4240243554
113572216
1182
4181522808
54852450
130877064
77464734
130877064
54852450
4181522808
1182
113572216
4240243554
4164093576
4217504926
4164093576
4240243554
113572216
1182
4181522808
54852450
130877064
77464734
130877064
54852450
4181522808
1182
113572216
4240243554
4164093576
4217504926
4164093576
4240243554
113572216
1182
4181522808
54852450
130877064
77464734
130877064
54852450
4181522808
1182
113572216
4240243554
4164093576
4217504926
4164093576
4240243554
113572216
1182
4181522808
54852450
130877064
77464734
130877064
54852450
4181522808
1182
113572216
4240243554
4164093576
4217504926
4164093576
4240243554
113572216
12715156
80807609
108394334
56427088
4232250907
4188600604
4159637546
80609372
40240906
4175364972
4179688380
4232841598
88603843
97125269
4276028666
4171499229
126814095
115210404
83558111
60097994
4240639303
159317068
4223465760
57473247
118096486
6030542
137033711
4179425704
102497347
38798173
4150134389
112788689
76087683
4277208226
4184604939
4161469251
4271114593
48825298
4186964122
4252368149
111998448
4192467538
4221302803
113705085
4250993242
4128768260
4280355263
4227990831
4168218737
87030786
163577633
17102360
39517537
8193735
4162059163
4199741923
4126148268
4246076789
10156432
64094953
157417108
4215535626
17561964
77790961
25363593
80807609
108394334
56427088
4232250907
4188600604
4159637546
80609372
40240906
4175364972
4179688380
4232841598
88603843
97125269
4276028666
4171499229
4269606025
77201928
68615306
4116122934
4277729841
15532333
4244702941
4263509537
122486784
149487257
4248699871
48431616
101319571
4223203534
13301844
61013328
4168218737
4249879458
4166254794
4174314424
59966986
33555171
65011006
4271442152
1869
4263640607
115211521
19726573
4197580536
221705559
4236903446
34079898
25425259
4165335539
167052766
88410751
103939620
4256954144
4175951720
4256234061
4273930240
13236971
33355680
166789828
128843087
106560349
4283369530
4277730990
4269670013
4272881400
138084175
4217177689
4249814957
46402033
4154458620
4209705161
65215
4199415216
4150851815
4146134459
4263773745
176096581
98437621
4193515589
4117430659
77201928
68615306
4116122934
4277729841
15532333
4244702941
4263509537
122486784
149487257
4248699871
48431616
101319571
4223203534
13301844
61013328
4219993144
35783241
75235518
107872292
63500211
16186574
162268431
4254205490
4093708287
186842657
51119297
4202102505
169802784
127403140
4109894960
4147772753
42793641
4289854066
35256254
4171563473
4077781236
4266195768
104463792
102498308
4195549889
4137747270
17365835
90702355
11865051
33162522
64358050
48825660
15468872
4275306220
4255185326
4279502057
97647459
3079791
4242606758
4265414962
30082064
54460892
4197188031
4277010221
57607826
53670764
4262789428
4253221726
74054434
4217176841
4249679766
98829317
4211080152
4205377212
135462758
31978872
21691949
69861681
4283627444
4292607727
4180410205
16250573
4269277461
4107992847
4271767551
35783241
75235518
107872292
63500211
16186574
162268431
4254205490
4093708287
186842657
51119297
4202102505
169802784
127403140
4109894960
4147772753
4277468353
4162388685
91488942
142802377
4276879856
103020948
130546156
137298236
50529964
4294510063
4233165607
4164746764
59770694
69730986
4240505300
4130274714
4174251051
4185326312
4175889479
4224320638
4266523882
4455952
4223730424
84867525
234225053
70058322
4179296441
4276751944
4181000866
4275503334
115934546
4099406040
4279501689
4182966848
4250271995
117967381
4202889914
87686767
4227663200
36963568
144112431
4289004370
4287693730
4282842079
37157234
4143118452
4226743658
120324253
175179985
4215993067
4097634668
51775124
6420818
78053448
31456737
4226152930
30473545
111998974
3212377
4251451144
133825198
55116596
30275863
43319791
4217110232
4162388685
91488942
142802377
4276879856
103020948
130546156
137298236
50529964
4294510063
4233165607
4164746764
59770694
69730986
4240505300
4130274714
23330904
4235133007
4235855826
154993412
35651513
4218356186
4142332599
4233230661
4210098663
75758800
261814223
57476272
4232839843
72611738
166131189
8649087
62259139
4164680672
16450177
123274428
4182702841
29621922
4174904415
170261937
4242999665
3984263664
177080361
78316479
4197776342
4101833668
15664540
4289920503
4240505813
138674892
4256172920
4240768563
56294918
26607399
4218157655
4247454175
4165861779
4245227637
25756878
4243717442
7862791
4294375704
28048441
7733498
198511514
4209246175
4200662661
207357405
4191024551
120587316
66912209
4257020598
63698872
4216714721
4270784829
4169270141
4150856027
4256039875
57736211
136052488
167443588
4235133007
4235855826
154993412
35651513
4218356186
4142332599
4233230661
4210098663
75758800
261814223
57476272
4232839843
72611738
166131189
8649087
4276486603
4243783960
4222350902
4249616194
4272357132
4207216495
45289446
4255385517
4211277486
4235917008
4204789722
47250638
78445633
4227860294
4248436138
85131038
87622613
123274468
44695055
4281136920
4281467066
4182771393
4270061664
55702903
4283630338
4244307378
4277273923
4286905668
4266785680
4244243395
4238210746
4202628777
25232934
223935937
26803902
4288217875
78775415
4293395055
4274717847
4215732029
9894671
4250073371
5703038
81134486
4200004701
139463880
182057120
4208855560
4273475197
97188816
87490740
5437609
58588218
58327564
4191355449
84735448
92996773
4235461743
78442747
4210819869
4207607390
36111222
4288807910
3339156
4195812306
4243783960
4222350902
4249616194
4272357132
4207216495
45289446
4255385517
4211277486
4235917008
4204789722
47250638
78445633
4227860294
4248436138
85131038
30276816
4251974896
78579400
197262791
4163175066
4163500571
4277664608
75170268
4228906407
4114283447
1439534
4181395557
59311516
171506192
4785658
157678908
4259968043
4151050437
1049706
4242998656
52034661
4262262382
4161666506
15202765
63503402
4254267611
4240637772
164102411
85458913
4224059070
150469737
81069794
4038132247
4172612439
4268688519
4180669944
24576217
59899758
173212675
54658070
4201580581
92866501
64815087
118685608
78903323
4280878858
101843977
98698248
4271702373
4262591444
4268101190
4146135334
4256889495
4268230287
4275963639
4255056225
4204331456
136116867
4287888459
41157853
118880070
4269669689
4283499591
4165009171
4267898315
4251974896
78579400
197262791
4163175066
4163500571
4277664608
75170268
4228906407
4114283447
1439534
4181395557
59311516
171506192
4785658
157678908
4207409656
24642648
4246667513
59965678
25424461
25492979
4220977923
4120965871
4254008042
8062778
4273340053
4289265608
84212986
47053216
49873263
4279368301
147847493
156303833
4174576799
4191094088
4227466508
121633755
11075244
4265280810
56295792
4204790597
103482938
81657097
9896716
70253639
4175035203
4096263162
54590359
250019847
96142400
55967239
39387701
4115793837
4253285784
105447164
4281467203
44629507
15336645
23397278
4214095604
4229169206
89458239
4216586402
171310927
161611448
22086388
96209648
4251186861
4229887651
4167762522
27524365
4246535468
4225828609
4279369848
4174117070
4266262553
4166449563
56952464
4260956192
4154916806
24642648
4246667513
59965678
25424461
25492979
4220977923
4120965871
4254008042
8062778
4273340053
4289265608
84212986
47053216
49873263
4279368301
138214948
4018339985
4266593480
4242276456
4284415335
4221698100
4115266264
13762051
44762366
91358239
4276028249
90768845
4202167048
4152361507
4228448132
4177658111
97191668
48692300
130613006
97056369
95156377
78969995
4282122805
16712824
4243912900
4267311333
4144759851
4269604120
56620152
4196662811
4187095455
18086723
132251530
30408083
4157931282
4210489129
118421871
4248108879
63176665
68486909
4207476586
4289135258
4085386666
4275437466
17101971
4192270350
4214027700
4171365380
54526487
52758066
4275305616
104069665
100666706
30999226
285475766
26804796
4194369192
160630875
59964281
81067908
4228581609
31328041
37355335
155779849
128451331
4018339985
4266593480
4242276456
4284415335
4221698100
4115266264
13762051
44762366
91358239
4276028249
90768845
4202167048
4152361507
4228448132
4177658111
73860437
28838408
4126674136
1048967
55180716
4252761116
4269080282
4118480534
126944512
4241228700
4288150763
219349315
131661846
270464116
40631619
62978581
4283300225
4262002872
4247388192
4244636832
131858821
4155637832
17890996
105447018
4209378511
4171696198
23855725
26474915
4163895303
151323515
76022995
50990516
105121999
4186241623
4274125043
73136485
99483478
145163840
41875267
4178640105
4245816747
3408375
4280288993
4102422310
4113826558
114951130
12252862
4217567254
4158914324
4160617629
81394004
63308857
4218617876
4216844842
4183750977
4281403015
46726887
4200660033
106434051
1114000
4156552687
30999450
57866877
85785169
50529207
28838408
4126674136
1048967
55180716
4252761116
4269080282
4118480534
126944512
4241228700
4288150763
219349315
131661846
270464116
40631619
62978581
4265803479
97385395
4294899832
4051173747
4096459193
4241882457
12058440
49544139
4275438408
4252369480
143717874
58718888
4207084573
67566329
26015572
4220321798
4205576609
4242210462
4234868541
5637133
24708343
4124377039
18154497
132905551
82706447
58656360
4244178400
4276681478
4175494062
4255120190
70711272
53281582
147978031
31195211
55051030
156237970
60295029
37747809
4244437630
4215011434
4236708395
4226615629
89719683
13109036
4232508725
34471623
22808733
38731838
4259970774
4292806267
4265345920
3867885
90178783
4279893230
61475450
4196664270
4251124647
126354945
4209569895
4282185727
13108947
22806790
119799306
4280091861
4248175662
97385395
4294899832
4051173747
4096459193
4241882457
12058440
49544139
4275438408
4252369480
143717874
58718888
4207084573
67566329
26015572
4220321798
4170514669
71564527
55702991
4263247246
93718643
4293724847
4263445000
4280415646
94370411
587540
4246797251
25033681
4220648730
23857071
4263575165
30276159
112982581
4281269812
4270782955
32110928
113834621
26147161
4289792297
4255709472
3470803
65407957
4209114237
4217306052
68748053
124450132
4223533551
4156097144
4259970895
4254796391
35060183
79101870
150601955
195099764
4204660285
4142596456
61277589
4250794577
4264951016
23005184
4291298938
84280927
38010013
53871263
11601355
1442995
4216322493
4082495576
4271569371
41286767
4287758730
4284875671
4221567562
4292280505
129894162
4265873415
4203153335
28574372
4291824832
4197911372
4135518266
71564527
55702991
4263247246
93718643
4293724847
4263445000
4280415646
94370411
587540
4246797251
25033681
4220648730
23857071
4263575165
30276159
118816085
4133682679
4244111320
62388276
4272815584
87164820
4206494234
4229560401
108854484
110886553
61538551
16254651
44565184
4215472580
10946453
59242917
4291033829
4260692825
4294048232
54394773
4231660480
103287125
42532658
4282580242
24511526
4283169675
67436966
4130601360
65206217
146340461
4212784965
21824637
11600882
4290645648
4218159289
178782395
166003592
4117627324
33818757
154139626
4127620
4206428891
4219996745
4327655
196607329
150993478
4234673450
85327364
77987188
4190895720
4085579089
4094360527
4237949537
4158782477
4184537196
17826753
4165402927
4184471842
3999345
4286117762
43909408
29493024
4238080921
77859091
124584054
4133682679
4244111320
62388276
4272815584
87164820
4206494234
4229560401
108854484
110886553
61538551
16254651
44565184
4215472580
10946453
59242917
4214292048
4211146249
84997187
4220518885
4173266723
4255055241
157680551
107609144
4201973867
4265342200
72611421
111868992
4235916994
4122674370
13499277
120982304
33162019
4225694969
4213507386
718638
4191551048
4207541862
82903347
90374120
175898243
123338833
34668978
4849888
36569316
4279503034
4183227907
21889583
4281335601
4273994625
4203874873
4233889868
121502892
59898812
39256855
24967798
4279042268
4112646820
4239391694
114556748
4160487794
4199286882
154535742
15207006
4191878959
123337702
4265870988
96797287
158269647
4140565855
159516010
91223228
4267048747
4268165596
4126734728
39320876
55902670
4282054887
4281989679
4275503008
4137484732
4211146249
84997187
4220518885
4173266723
4255055241
157680551
107609144
4201973867
4265342200
72611421
111868992
4235916994
4122674370
13499277
120982304
4261019930
27850697
4242012204
64421085
4291494811
4166517911
120126803
4176675029
4288347657
72547225
4195613613
12452626
26739167
105708093
139722992
42205212
4166581558
4166254354
4276880051
4261806540
4215734066
7340827
62521748
4193320237
4171168841
4229363195
65534676
118752245
4195679990
4272490327
120588456
4236182534
4275438460
19725359
21233092
75627275
24377201
227606562
4274525272
10946335
290715765
4195879509
79298121
99023357
4197514950
4285726058
4274848016
123664970
31260258
7471817
127926119
4243062813
4119989312
95424895
68617734
4253874798
57737276
4265739917
32571551
4139385108
4169461920
13104375
4197516990
4215341196
4193976081
27850697
4242012204
64421085
4291494811
4166517911
120126803
4176675029
4288347657
72547225
4195613613
12452626
26739167
105708093
139722992
42205212
4249222144
4179100819
2621176
69795145
91816700
71826074
43581083
86966309
4273212853
4197385099
33357745
57610294
4196598786
12908228
137691934
4255974633
25296568
10028838
4153932438
4286709083
70712814
70843259
5768241
43644041
140050518
113050379
34995062
4225764192
4271377241
40240377
128843756
17823715
4246469200
4289135744
4155376198
107806365
37878955
4039443354
4182444165
28311707
126812391
51642974
4279763666
4224515357
4223401086
4287627465
18939934
105380109
48756678
1047858
4172806729
4182638450
4265934281
4186308363
46595551
6814515
4143250954
4279041874
4237689507
4093835702
84674941
204537429
4213109673
7996745
36960969
4179100819
2621176
69795145
91816700
71826074
43581083
86966309
4273212853
4197385099
33357745
57610294
4196598786
12908228
137691934
4255974633
17497459
4202236176
4286053821
18281199
29096956
4284939111
132250896
62456593
4130864926
23199131
42928369
4262005536
4231528585
15597729
235209591
68353221
17563857
32048615
4278255466
189661660
123994812
4269080486
4220058248
4100454044
4287497682
199560675
4208395001
4142595225
55575209
4267637991
4256692242
80019861
134346869
4285595507
4260825177
4232641655
4200334018
50857532
4086825802
4265804100
199165021
70647713
55704358
4101178403
128973941
86442654
4102226842
195558976
56362473
4256889914
33357713
4207411141
19463338
29817526
4144625037
4192469469
3603287
4230806625
4278453392
4187357366
4282843700
133560610
4187619258
4270260626
9698350
4202236176
4286053821
18281199
29096956
4284939111
132250896
62456593
4130864926
23199131
42928369
4262005536
4231528585
15597729
235209591
68353221
32178250
4253351515
4263970266
4240441786
1700369
4220191668
34801378
40174457
67961705
99810475
14026450
4229039976
4273468715
11008991
4207938819
4240900434
4127719663
4271768727
20577359
4060872535
4155701831
225115593
194249245
4184864267
111474933
4915001
64026903
245299325
4202890001
4244702208
4274913216
41091985
101058591
5638487
4246468936
4273861742
77135262
4294638657
4237952622
12190133
95550259
25100520
8583444
38863567
34343095
4252632581
18286154
36041354
4119850591
11926690
4271111103
4254793180
52954574
4285597268
4274587411
4164352414
28703721
4180412050
4213636658
4283042503
4179755360
129038964
108399441
153616949
46858179
4253351515
4263970266
4240441786
1700369
4220191668
34801378
40174457
67961705
99810475
14026450
4229039976
4273468715
11008991
4207938819
4240900434
10748453
51577390
4271372036
6094634
3972528925
28245094
75106650
4191157974
24969191
4241817521
6946010
136185452
246349687
4269866859
90115656
109116358
4149083476
4224844369
4242207544
84672850
4210558096
4278912043
4268492303
4159310589
4254465623
4268159965
81921374
4189061655
49154647
41551296
47775735
240192036
64094714
60816513
4232510083
4122607169
4271241487
268434667
1310777
4187158638
80215199
4238802987
101317535
4245092089
2554907
4263639953
4086169762
81592360
126550997
220923471
47774257
4122542742
57213602
99418386
4206165528
4191683008
4199352537
4200857447
4211866454
4161861874
4230545321
4271045413
32112680
53151565
188810076
51577390
4271372036
6094634
3972528925
28245094
75106650
4191157974
24969191
4241817521
6946010
136185452
246349687
4269866859
90115656
109116358
4208458009
114102459
47578921
45023232
216531858
147979397
4294378804
94767152
156829026
4219731379
4135518829
4254399817
4228054591
29360530
4242869023
4188473956
4232836973
4282710862
104002625
64355944
26019342
4182114068
4259183883
4184667030
4218486985
124453748
4255447914
84540130
61932831
4246079726
4200137144
4255647312
19400319
4222749407
111215595
2160017
4199807612
28968933
16514746
4290246063
68813678
4291034029
4243324663
4283696977
4091214816
115802112
206373494
4263247256
4271635113
4174838262
4201120034
4153869742
117244039
163903271
4228840072
1245723
99874882
197393751
4252434329
4184211732
4270392677
4254790534
4259383232
4163764281
4267898077
114102459
47578921
45023232
216531858
147979397
4294378804
94767152
156829026
4219731379
4135518829
4254399817
4228054591
29360530
4242869023
4188473956
3014138
4294312660
53347361
212203723
191887939
4270521341
4231464052
30279435
4255251966
4218489000
4268492077
4245486991
4205968883
4293592033
41747222
38272202
17563738
4231985618
4151441061
60882333
45024897
4266001528
174916049
27656133
91028863
4269408711
4281006906
84410406
4075553722
50200102
4293064263
4153471876
48757863
82640780
36832142
81329430
111413150
4219668858
44758793
4257611330
31981726
72286706
4221367685
14481240
4094757206
4211537970
46006188
4282714150
4005100528
4115399201
192806083
4206754368
4289134583
4178772458
4201908000
157942092
4242866461
4283105963
99419098
41223846
4181132007
77333677
131464440
4280549277
68027527
4294312660
53347361
212203723
191887939
4270521341
4231464052
30279435
4255251966
4218489000
4268492077
4245486991
4205968883
4293592033
41747222
38272202
6816354
32507313
131137649
4096328983
27199407
4283238361
4114548529
171442057
4112056937
4199809713
4287299662
28770295
66649326
4184015056
61800462
4166844607
11664754
4285332866
4272294135
125305224
4237688365
132187571
33554003
4208785970
4294638883
35717021
55769929
4170250950
4079682325
88800859
154861659
4215734659
89587770
54068842
4212325762
4089706462
4126145911
27330826
4241163274
89520885
136249796
28311707
19136134
83686945
43382315
60488964
117243218
36568541
144049138
2033528
4271176016
4279041882
4221697315
154927140
89526876
4260036639
54917764
4389020
4163763773
12978337
4268096131
4182244434
4290247363
45283305
4290970729
32507313
131137649
4096328983
27199407
4283238361
4114548529
171442057
4112056937
4199809713
4287299662
28770295
66649326
4184015056
61800462
4166844607
4282318329
4267115845
4218550428
4250272415
119996489
4279566573
4161207935
105052423
23789787
60033400
130090474
4149870324
4169074239
4191812671
4144430200
130220206
13699133
23856334
34207773
4184472815
170194831
9373285
95745794
207288460
4229763127
4288543174
102694954
31062575
4074305325
4279042120
48494360
4142006039
44890645
125631966
1576957
49547537
83230754
4254596727
70251498
4242930119
4169991706
4282318092
76085977
120653080
4122936928
4237886963
67043156
152042656
103025233
4205902096
75953348
9699985
130989
23594742
86638399
17301218
4196793898
4154066129
4153348120
135202502
4206756293
4250532226
87687237
4154128982
4258004607
4267115845
4218550428
4250272415
119996489
4279566573
4161207935
105052423
23789787
60033400
130090474
4149870324
4169074239
4191812671
4144430200
130220206
58458884
4282318095
4214947581
13041871
91882080
42533625
19397175
67701187
49609941
4261738866
33949221
110425813
33096341
4236707899
4099210066
4246340173
103219053
4244766875
4150984071
4222874980
123600704
4278188838
4150329171
4200136807
4199153797
4266263240
4181456307
4269014601
95618125
68747633
4247715186
4176216526
36898164
113968095
60293425
4154784405
74778959
239140475
4240504709
43384404
4245486052
4062771917
4255708193
83229861
126353347
7275663
12518911
106366650
4191815560
4287103243
132713257
4190111050
21103593
57146058
4109433012
4170317812
4281925261
55641071
87948295
45943188
4226679458
4244111976
129239678
166917568
103218635
4282318095
4214947581
13041871
91882080
42533625
19397175
67701187
49609941
4261738866
33949221
110425813
33096341
4236707899
4099210066
4246340173
4239588947
4236642250
4253219177
41813021
4144300851
4213112477
4135649397
4117037006
4284615110
11534416
71957498
4204197780
56883149
67699191
31063832
33159406
4240637359
25297697
4194042476
4207411288
4237163087
99417549
96141349
4286512031
63110178
19530791
116982308
23919320
112459189
114625365
4267774467
170981897
39057496
4258659248
65274036
4277471474
4274322787
4165142761
4186702078
20644307
4075752633
21757570
150077128
4273473020
202965498
4294441681
32507584
18021164
4244372019
300484074
133561782
4271963579
73660209
32834431
4136763782
4258331910
57541301
4220059482
25362089
4238997197
4156292450
62717416
184288639
4132896657
4080991545
4236642250
4253219177
41813021
4144300851
4213112477
4135649397
4117037006
4284615110
11534416
71957498
4204197780
56883149
67699191
31063832
33159406
4241619582
4272948083
4281008495
4232771453
4054188105
34342657
21103435
4279437112
13174192
4287296551
4259445152
4240639913
165216099
4101440616
4249092659
91029044
4234742593
72810189
4236772498
131403517
4227136287
4253942460
136119499
4165467932
4224517368
4283956264
4262330589
4278124334
49740550
4190962555
65141381
104659484
4141220227
149421625
258275976
13826763
4171495860
69139759
88867420
39385450
29685818
4269079542
160825671
68617766
15598195
43125221
4274324846
4269342141
25232576
4456529
5895946
31717004
4174707606
63570002
39125720
4144299058
4174838477
4216979112
11270446
4233560669
4227926553
77989003
198706662
5111184
4242601805
4272948083
4281008495
4232771453
4054188105
34342657
21103435
4279437112
13174192
4287296551
4259445152
4240639913
165216099
4101440616
4249092659
91029044
4187948879
4200594757
18415966
3735689
23068928
21627358
74319044
20578699
14944535
9636009
4276813126
4287627852
4176346095
4166710062
4219206383
104795323
48697435
4254858365
101055906
46267216
166523382
4284938749
4069719329
15664098
44825083
111605725
87032648
4285202092
117637724
4264297934
4169009260
89654276
56492179
12319291
116258582
63765792
4248959239
4267114776
89848632
4219796228
4221696849
53541505
4130868421
56295088
133757892
4222812266
14024386
4211277662
64159535
104139248
36371454
184612755
4182640153
4291955634
109577009
4116644268
44826087
4281004911
4133948108
4720268
7470726
4247454869
4201052401
4215276547
4141220702
4200594757
18415966
3735689
23068928
21627358
74319044
20578699
14944535
9636009
4276813126
4287627852
4176346095
4166710062
4219206383
104795323
82774714
71957399
32305944
49414087
4152165021
4189453710
83884149
43254602
45876427
44039660
4213635630
4222943117
85261954
62583921
4179230093
4254204710
42862979
4283105512
33881346
74975069
4285004371
4268687172
58918002
4279827930
4258595256
4190306595
4263574608
119668238
4276880337
2227468
4197252146
4266788471
31066084
4177198662
73400529
20446301
4292668226
71039663
32637887
4214228321
4186835469
97518375
4233299195
4251713625
91619716
4272161015
4270718859
4189586571
4197711811
27001784
4262395314
4142924031
4247848257
653187
4243849337
8846182
51904784
50924628
83360515
188220469
4291821772
4194303731
98043525
95353812
116786457
71957399
32305944
49414087
4152165021
4189453710
83884149
43254602
45876427
44039660
4213635630
4222943117
85261954
62583921
4179230093
4254204710
40961929
4229626216
4192600785
4059495052
4145937081
4201519092
4218029927
4257415483
4982643
1898201
4265477001
4140043661
4259585
4259774136
4177004241
48890890
4244308026
207027344
121109911
4247322445
100923274
4205575004
2358725
52885790
52427744
102103097
4254596812
23070342
14286918
4261086048
4288283280
4157014078
54395119
93520374
4209902424
916133
4208000508
107478465
122746197
108985236
197330551
4177922223
4283563443
4195351149
4199480106
182517274
105775437
9437539
11732429
85131893
32047955
75563342
4189125108
4255577321
36829805
4112778152
79951770
93452527
69075738
4288938211
4255318133
5898693
4244570925
177408142
38995344
4229626216
4192600785
4059495052
4145937081
4201519092
4218029927
4257415483
4982643
1898201
4265477001
4140043661
4259585
4259774136
4177004241
48890890
