40632706
4185392836
4217568444
109639731
77527906
109639731
4217568444
4185392836
77463552
4185454908
4217504580
109578189
77464734
109578189
4217504580
4185454908
77463552
4185392836
4217568444
109639731
77527906
109639731
4217568444
4185392836
77463552
4185454908
4217504580
109578189
77464734
109578189
4217504580
4185454908
77463552
4185392836
4217568444
109639731
77527906
109639731
4217568444
4185392836
77463552
4185454908
4217504580
109578189
77464734
109578189
4217504580
4185454908
77463552
4185392836
4217568444
109639731
77527906
109639731
4217568444
4185392836
77463552
4185454908
4217504580
109578189
77464734
109578189
4217504580
4185454908
77463552
4185392836
4217568444
109639731
77527906
109639731
4217568444
4185392836
77463552
4185454908
4217504580
109578189
77464734
109578189
4217504580
4185454908
77463552
4185392836
4217568444
109639731
77527906
109639731
4217568444
4185392836
77463552
4185454908
4217504580
109578189
77464734
109578189
4217504580
4185454908
77463552
4185392836
4217568444
109639731
77527906
109639731
4217568444
4185392836
77463552
4185454908
4217504580
109578189
77464734
109578189
4217504580
4185454908
77463552
4185392836
4217568444
109639731
77527906
109639731
4217568444
4185392836
77463552
4185454908
4217504580
109578189
77464734
109578189
4217504580
4185454908
77463552
4185392836
4217568444
109639731
77527906
109639731
4217568444
4185392836
77463552
4185454908
4217504580
109578189
77464734
109578189
4217504580
4185454908
77463552
4185392836
4217568444
109639731
77527906
109639731
4217568444
4185392836
77463552
4185454908
4217504580
109578189
77464734
109578189
4217504580
4185454908
4267901932
4223138428
4283102740
4120641237
4247387505
125698035
4204988268
4206233331
97585494
4265804782
4175757042
46726093
4286510908
4129489745
4213702886
4243323190
105316352
103938616
4140759312
62062030
69927350
4219668799
97715641
41549086
104004711
57149249
4244441229
124256614
4289330570
11859707
127140758
97060428
131659816
4189387319
4234868844
151387980
41287767
4271569048
4151509763
4173331608
60422606
48430471
4199021101
4139844733
4266326997
36895822
116394290
97057231
63929
113902357
4279895256
4239329757
147062914
70516024
17696540
4229038525
4138400303
4178380106
4170450269
915587
42926807
19597925
166461622
92537929
4163373016
4223138428
4283102740
4120641237
4247387505
125698035
4204988268
4206233331
97585494
4265804782
4175757042
46726093
4286510908
4129489745
4213702886
4243323190
105316352
103938616
4140759312
62062030
69927350
4219668799
97715641
41549086
104004711
57149249
4244441229
124256614
4289330570
11859707
127140758
97060428
131659816
4189387319
4234868844
151387980
41287767
4271569048
4151509763
4173331608
60422606
48430471
4199021101
4139844733
4266326997
36895822
116394290
97057231
63929
113902357
4279895256
4239329757
147062914
70516024
17696540
4229038525
4138400303
4178380106
4170450269
915587
42926807
19597925
166461622
92537929
4163373016
4223138428
4283102740
4120641237
4247387505
125698035
4204988268
4206233331
97585494
4265804782
4175757042
46726093
4286510908
4129489745
4213702886
4243323190
105316352
103938616
4140759312
62062030
69927350
4219668799
97715641
41549086
104004711
57149249
4244441229
124256614
4289330570
11859707
127140758
97060428
39517204
108854992
4216453194
4207935629
4248964028
13631919
4252038353
4265341814
145750076
35390242
40829909
3014418
4238542415
57212833
4190830883
4289858900
26410606
4071358542
4275897909
6290584
4189127517
15663059
4230741393
4242472420
130348881
210371013
187630224
4266786608
4098097854
4285728048
129369263
19986820
803
52562211
149421694
170591743
83231497
62389065
4292409588
55573223
4254533572
4060938620
87293412
135398158
4178115561
12517089
23921623
4187226646
4215997621
4259972716
4230610579
18874178
68617976
4243781614
35453645
4270067187
4164682345
85589169
118226984
79166537
4244110090
4194432469
25360153
4141743326
4242341888
108854992
4216453194
4207935629
4248964028
13631919
4252038353
4265341814
145750076
35390242
40829909
3014418
4238542415
57212833
4190830883
4289858900
4268622226
4196465932
4145282354
4169860386
4283367801
4198694688
4294511076
4219142344
4186568861
245368150
93126494
4263640001
67110261
17763259
82118047
4197709685
4242342691
143328717
4200725275
4098227953
4203478016
71238111
10680948
4205506912
123930231
4281861253
4129030151
14681534
4270260401
4208854901
47057133
49546720
4215997621
67174359
97582491
4215142108
48888441
4256826097
4147447441
25888739
3275477
45676412
3342041
4204198848
75496643
117636353
159447323
128975563
4189652551
4248172624
115734144
50329854
54393729
71304554
19398606
142933320
86769615
4162715253
4184803531
4245619270
92798231
153355459
40237616
2751488
4215997621
4196465932
4145282354
4169860386
4283367801
4198694688
4294511076
4219142344
4186568861
245368150
93126494
4263640001
67110261
17763259
82118047
4197709685
13173338
4251319632
4243715849
4210819240
4281402524
31719356
75430844
70385736
4291756787
174522440
68420589
4144561821
4280613480
117833221
170852905
51578619
64733
111476194
90246191
4242081999
4103929636
4262067318
46859887
4254467863
123994063
72352251
4215602894
44237560
77332888
4207278753
4122214851
4241293533
4268622226
4265475974
11467599
4232315075
63634844
188218609
44760255
64816682
108464539
4214945583
4278256188
141229302
4272220547
4218421774
4129817768
4093902301
52627015
4264884533
24179753
54131110
4014997156
4253680380
56556710
4192337545
86705783
35784211
4248242266
4194961954
4254859619
111672479
4238670812
654021
78971282
4251319632
4243715849
4210819240
4281402524
31719356
75430844
70385736
4291756787
174522440
68420589
4144561821
4280613480
117833221
170852905
51578619
38796910
4185392836
4217568444
109639731
77527906
109639731
4217568444
4185392836
77463552
4185454908
4217504580
109578189
77464734
109578189
4217504580
4185454908
77463552
4185392836
4217568444
109639731
77527906
109639731
4217568444
4185392836
77463552
4185454908
4217504580
109578189
77464734
109578189
4217504580
4185454908
77463552
4185392836
4217568444
109639731
77527906
109639731
4217568444
4185392836
77463552
4185454908
4217504580
109578189
77464734
109578189
4217504580
4185454908
77463552
4185392836
4217568444
109639731
77527906
109639731
4217568444
4185392836
77463552
4185454908
4217504580
109578189
77464734
109578189
4217504580
4185454908
77463552
4185392836
4217568444
109639731
77527906
109639731
4217568444
4185392836
77463552
4185454908
4217504580
109578189
77464734
109578189
4217504580
4185454908
76873534
112851759
4150196619
38861987
102433725
4179363416
136972305
6093618
118160794
57411361
4223403744
159253428
4240702137
60160566
83493153
115148636
126875761
4171561251
4276091654
97188971
88539965
4232902274
4179625028
4175428756
40302838
80674724
4159698902
4188538596
4232313317
56491440
108333218
80869703
25426807
77725967
17499796
4215474166
157352300
64158999
10094192
4246012555
4126210388
4199679517
4161995877
8255801
39453343
17041896
163512543
86967294
4168157071
4228053713
4280415809
4128833276
4251057574
113770371
4221241325
4192404910
111938064
4252304107
4187029350
48888878
4271175327
4161406141
4184669941
4277271390
76152445
112851759
4150196619
38861987
102433725
4179363416
136972305
6093618
118160794
57411361
4223403744
159253428
4240702137
60160566
83493153
115148636
76087683
34143078
4236966890
221645481
4197515528
19791635
115147519
4263576033
63667
4271503128
64946882
33619229
60029430
4174251080
4166319926
4249943134
4168157071
60949168
13240236
4223141682
101383277
48496128
4248763425
149422439
122486784
4263444959
4244764963
15597267
4277667279
4116181706
68551542
77266424
4117495421
4193454011
98498059
176159419
4263836111
4146070085
4150789913
4199350864
321
4209770295
4154523140
46462479
4249876563
4217239975
138018993
4272816392
4269605251
4277666130
4283430854
106497187
128778929
166853948
33294432
13174037
4273930240
4256171443
4175890584
4256893152
103875036
88470913
167115298
4165273101
25365141
34143078
4236966890
221645481
4197515528
19791635
115147519
4263576033
63667
4271503128
64946882
33619229
60029430
4174251080
4166319926
4249943134
4231529593
38403550
12516228
2423186
4021550136
4241424138
84932180
103940718
134155263
4263638238
79822068
4276684170
4230018530
75823208
87034632
4249946311
4205444468
4201775183
4156489191
30476123
15994098
4214751672
4256233927
326116
46204397
54921567
4216061688
34863768
198967115
85655046
111344682
87883031
155778836
4276879661
4188930656
82378988
4217633327
4268752850
178651935
288489923
68222517
31259841
29296084
4281139475
110296209
4084006094
20185579
56492669
4213373847
50922659
4153803444
67500572
4225238273
4139517272
4284938222
4118347289
4264427190
20052950
4155769006
4277076005
4284286677
4140695305
18153864
4279175974
4294902115
38403550
12516228
2423186
4021550136
4241424138
84932180
103940718
134155263
4263638238
79822068
4276684170
4230018530
75823208
87034632
4249946311
4240507148
46991335
45021836
4257871742
32506132
4187290077
4193056825
20772817
112000253
99549191
4213638064
4262201284
122092656
44760024
4191421248
4254730706
69928754
48760457
71763737
75367478
4243194291
4262526909
49808447
4190501618
4254986763
22215635
12125925
239599894
44173003
15073577
89323799
4174908329
58261740
37750445
16450218
169212152
45745533
4268751559
90178563
82902476
4214224746
55705691
60948591
4225695930
4185062858
4168354062
4251583506
10352852
147977615
4075488438
4050389956
110427370
4182966175
4782937
4259446305
4192338971
4249484848
4160682324
73007055
4278715033
45021190
53804215
4179099187
32505195
4275569829
46991335
45021836
4257871742
32506132
4187290077
4193056825
20772817
112000253
99549191
4213638064
4262201284
122092656
44760024
4191421248
4254730706
5832348
5178257
131203974
50656963
4290379233
31065233
4206299418
4182049711
31917327
4241554301
4157599846
78707859
44237748
4154129325
4126537242
4185915261
4291034187
4225763269
42073861
79493287
4210624178
4272094781
4234086185
4256298459
158401305
166728325
136967538
62913365
4225107404
63179651
94174993
4260823118
4225041216
46987196
192414288
4264756028
4261870758
4280811115
4200006805
31392469
26412978
141886199
80674423
4248961807
4194828169
4179099658
4231659093
16449418
194704427
4292805917
109381023
98431908
4121364019
70580432
4291951620
4206232132
4156095541
4125164715
20775281
58525566
156960919
63111762
4229168272
4278777829
4236572166
5178257
131203974
50656963
4290379233
31065233
4206299418
4182049711
31917327
4241554301
4157599846
78707859
44237748
4154129325
4126537242
4185915261
30081306
18350861
4130735189
4282516149
4278976858
124716347
266796365
128778844
4272817406
4140827526
4292478305
4241423664
4232182612
122029056
4255777479
4280220398
64355015
82114727
4262460759
4145545428
12189902
113313456
4167041405
4118281391
50462893
4256301830
88277262
4249092220
4220518831
63111942
4139385699
111740289
103218815
4257346216
4273929832
51576935
74971982
40828952
77005109
4147971258
4212129642
4179296942
92209065
60226346
4233954730
214497200
4171298087
168297762
243073352
4224776758
11860681
4171890606
4231724163
34405510
37291565
4124637940
77986421
74384268
4043045716
52233476
4267574582
58129881
65405022
4086628302
64095721
18350861
4130735189
4282516149
4278976858
124716347
266796365
128778844
4272817406
4140827526
4292478305
4241423664
4232182612
122029056
4255777479
4280220398
4241554995
4243587729
113834833
4257739839
43648987
4196075479
4217372937
31259525
4255581169
4223077062
4147052523
140838597
94174327
4195415496
100335543
4248630939
4096459287
12912788
74121200
92275481
4234542311
4134404596
4257875955
4191026969
4230675512
4175102574
4283171646
17561144
4292999913
113116218
4234802953
115538731
35065679
56035147
75956625
4126672593
14286473
4285463663
67368365
68615358
136643985
130415223
4293917732
4289263854
4162583373
118096087
67762670
67697182
23396707
4224975343
239468954
19269855
4204200518
110035352
116850978
23134817
29361511
4202952676
4232773741
81657228
4148623595
4248371587
71762095
4279437248
4123722142
4243587729
113834833
4257739839
43648987
4196075479
4217372937
31259525
4255581169
4223077062
4147052523
140838597
94174327
4195415496
100335543
4248630939
4193781049
72941192
16319201
15662189
4065197693
4260626044
50529385
4075752032
48890481
121307013
4271178059
4291297368
4244306684
4188077363
24116487
4201447663
4182112049
31061679
4238280494
88606257
84673542
4225497281
4272750424
86639045
24181925
54855008
104528341
4245289763
51183465
4232575953
4215473959
66718680
4221041856
520473
71367237
4261936299
37092775
128780974
4254597757
4277991864
21168334
4261674328
80084758
60751515
4277404883
3539948
104856235
10618028
4283430347
4273534559
49610415
183564868
4138533533
4137878498
39454613
4245552733
4247519972
117507103
7864558
4174251829
1638838
4187686826
110165147
136315399
4291168346
72941192
16319201
15662189
4065197693
4260626044
50529385
4075752032
48890481
121307013
4271178059
4291297368
4244306684
4188077363
24116487
4201447663
4263835588
9506941
214434225
6816548
4251386018
3408990
4208462519
4261674799
83819861
69204622
56164641
97385111
4211606921
35850368
4286841848
16713470
116718133
4232903962
4279171128
4134664760
4170840661
4237032268
37028036
75038465
4173595404
15008166
69929204
4246208900
4101569697
4263183837
27199086
4215537389
4287297567
4254334513
4279371820
4146660618
4184865010
4283368140
4292475965
117308395
4285138232
43647065
229248126
4288282923
4103339772
4161668640
4122215636
4228122463
35126464
104004827
4237295917
4196530637
223541760
45809191
62320380
37551719
4272424448
140244589
4219075694
4286905132
149488629
120192546
4282908103
50984631
50591832
9506941
214434225
6816548
4251386018
3408990
4208462519
4261674799
83819861
69204622
56164641
97385111
4211606921
35850368
4286841848
16713470
89521049
168361544
215484936
25690096
4255972535
4229694085
4275700108
110496389
83949679
60556084
4243259497
21230317
1505319
4101304290
4249091477
4195744832
4185981107
12059127
2097878
77595392
25557028
4720718
4273274608
4268423608
80676122
138807129
40763028
4188274285
460752
58455803
81001336
229965046
147847612
4200007292
4176675135
4184210341
4283890195
104920921
4148428162
4243130096
95093486
33030092
115409120
4280683387
50203340
64682278
4139712326
4162192542
4279502877
4238149635
4183096103
70908986
1311885
4062839977
4181788322
109510863
4276616504
4232119712
235141544
4287692784
4126083137
60489255
4202560654
4199676644
62389501
168361544
215484936
25690096
4255972535
4229694085
4275700108
110496389
83949679
60556084
4243259497
21230317
1505319
4101304290
4249091477
4195744832
4275503550
4222876211
4168613890
24317576
28904405
4250469163
4282974025
4224449805
55050538
38273674
4126340976
4205378689
69010749
4210686970
4149542516
394355
27329876
4271768358
4147970966
68026282
83361415
4291758636
67239659
4199544853
1047314
107543681
98566919
4211474712
4222486304
4215145057
4159241162
53411027
4147115823
4980260
51838136
9631408
125172840
4234280385
4202562308
4167697605
170591097
156042259
58981031
120389432
4113892282
4274519539
144572068
4128177
4275438103
108724257
58720708
82706373
81787552
4243456231
175832150
63833564
61276829
100792440
4033283352
4160684228
114556728
17235620
4262131933
81068259
70124234
4222876211
4168613890
24317576
28904405
4250469163
4282974025
4224449805
55050538
38273674
4126340976
4205378689
69010749
4210686970
4149542516
394355
15533931
4243585981
4124048559
4253942245
141818474
179240979
34079201
4120772831
4201380449
4145348600
4223861472
4224843395
4246340719
128974484
4269605344
4198497843
4197841221
4264820946
4192928114
4182834711
4202559800
4183424626
153681999
4179624536
4124311500
198573082
4236051743
4223927458
51772391
4115986582
32441410
41420871
4283367959
174522981
4191682026
4289657674
14939910
4235523168
104662370
23595285
93715545
4199613091
4243063243
134282913
108658744
106953466
4238212541
44039370
97255247
78905322
4189914289
4032302251
4191879526
4235197835
25821294
60227738
38405216
12124201
118683714
268894652
129435001
44367436
213909552
189531593
3803521
4243585981
4124048559
4253942245
141818474
179240979
34079201
4120772831
4201380449
4145348600
4223861472
4224843395
4246340719
128974484
4269605344
4198497843
4250269932
4260825502
4292346633
4164222025
4259316051
127204046
35259718
4166058983
4241815940
4271503717
16251989
112983816
46202200
29623485
127270745
4188404857
4209311805
56164875
4192731151
4288019651
62915526
156629464
4281531768
4245815486
69664394
4220190901
27720699
4186966477
4157209630
4201510728
4282713319
75366067
66256719
244318274
12125332
12318040
59307547
29100690
142999036
4226479825
4219797442
47908167
172557432
149422014
4251055177
4198954753
4247389081
4261739243
4252302171
4268230197
4249947260
4224650230
4200661863
4228712479
4167829142
63045360
19859385
4179756695
108134339
4152492168
18939234
119602750
4221109093
152304476
7796883
4260825502
4292346633
4164222025
4259316051
127204046
35259718
4166058983
4241815940
4271503717
16251989
112983816
46202200
29623485
127270745
4188404857
4266656976
4262003968
4098095856
31786096
4280485698
4253614690
61339290
4231592343
141231499
4109894085
4133354413
4232116566
4139910022
79825477
4220387123
186710218
52690438
4244177954
87688411
4147052534
4266133035
4268098871
20183823
4293458590
4270060933
5372070
28507631
14745526
15007186
146407660
4261611178
36699826
4281401553
4219535681
171509102
139199396
4239194307
4223466607
51903913
4202102404
14418163
44305118
4224582481
4283234605
24250372
140641716
121566922
173997848
4281271846
4226218151
109838780
40368699
13629073
90114356
90895998
4106025617
4281008555
165413273
4186442248
4247584169
30342315
4175888582
4197384391
4288676138
29100387
4262003968
4098095856
31786096
4280485698
4253614690
61339290
4231592343
141231499
4109894085
4133354413
4232116566
4139910022
79825477
4220387123
186710218
18481670
4157210200
4163633961
4242406442
60489781
77006760
4250138840
13960973
4262002790
4221172654
4222420461
51576642
31456872
4198365620
15792044
1899900
4248176552
4279371693
45285652
30147066
4281468090
52166544
26541126
4247586320
4232644450
4126868458
4208262169
66451692
4277536236
123142487
145291472
67502977
58458410
4231003860
4257545917
4211866495
4151443085
2290287
341311800
119537497
4168478381
173344232
4266261319
4194171418
4274390480
4251582606
17826099
4199217314
4267900452
46792590
4285003873
1901336
205523566
293599824
101121001
4201513588
3996815
109904318
10485263
18090310
4037019516
4109893433
113116623
9176255
4279305734
4157210200
4163633961
4242406442
60489781
77006760
4250138840
13960973
4262002790
4221172654
4222420461
51576642
31456872
4198365620
15792044
1899900
4227859131
76744424
4277731289
4249484248
50133639
4204460985
4271635816
2489041
229966156
59442641
4289854980
272039057
67241437
4140105532
52361163
82379347
4273536639
119996263
4204136553
4250599551
4260297674
4219206600
70385576
4102684007
5699495
51116355
4218879467
190841888
190382440
83492250
4293720147
4158914289
4199547621
75497561
38144082
4271765908
4239130047
60428091
142935733
10223184
15202417
39779564
47317224
4246537268
4236117061
13172848
2031327
4178442681
4157013273
4247977969
4199089993
4285662899
4257808828
4278912635
4259315002
4214488985
4262070540
4283564276
44237674
4189457406
159251188
4267045840
4087940322
88735622
4207541709
76744424
4277731289
4249484248
50133639
4204460985
4271635816
2489041
229966156
59442641
4289854980
272039057
67241437
4140105532
52361163
82379347
4252237558
152044935
4257022089
4075814634
4227661381
4217831578
4245747743
51510343
4280158665
4254858911
150076785
186647031
8979400
10616594
58192379
4240833518
13762292
99089943
4285137152
31257778
45938844
4289069452
4203218040
4137421721
97648754
233042971
49874217
4237887766
44694704
4242997666
4161929801
26606395
4168480767
4285726864
140050953
4235658168
46269860
104660216
55184488
21234109
73266209
4288805835
4213636271
69405581
4235589713
43973337
60427133
4265669721
99220644
4231660102
4287757828
4291102009
4239064792
4206296634
4119660791
31262236
4216848330
4234216404
76546300
11929194
36962489
4179818507
4290381415
26345849
4230938477
152044935
4257022089
4075814634
4227661381
4217831578
4245747743
51510343
4280158665
4254858911
150076785
186647031
8979400
10616594
58192379
4240833518
4914709
4267377276
98173401
28967744
4061265895
62129269
115539437
58326427
57277427
4239129102
114491178
124257262
4113236297
4225761113
218301744
22151993
15665656
77005154
4233100999
4283895285
4198959182
4257870486
35517548
4127917713
4176869724
4281991094
4179098672
4169003362
51447165
67109631
4290773299
59899277
136313338
156762026
4182246117
4100849987
4255054696
4232118278
107873126
28704582
4214487631
15269505
4178902910
47185327
146275828
100991622
105578217
4069195227
3999206001
4238540619
4223598957
4259054182
97451224
106168463
118686007
4187883466
4226416203
110233300
4264690906
180814006
23070430
4201969744
189921674
37091032
4291034422
4267377276
98173401
28967744
4061265895
62129269
115539437
58326427
57277427
4239129102
114491178
124257262
4113236297
4225761113
218301744
22151993
36044636
36633837
4144234857
4281008036
4212986681
4234608210
156957574
4275439153
4293394052
4289790764
4242210711
107804642
4286050642
4285202816
239663777
4224121216
4250142899
38863918
4080534310
22215412
76547336
69927157
101646740
184354838
4267115115
4091347354
90110750
35063376
173538578
96533894
4294442280
170193327
33225774
4236377185
4202890170
4265675335
4178510187
4243320833
3801068
4167960174
4238342969
2818905
4221565431
4143514362
4229693402
4220584415
10620018
2685731
64354421
105902805
4197580072
43387463
44235927
18020883
4262987084
29361704
148440499
4284941725
4216718581
4176611312
4289266648
4213506414
2686486
122551509
56423615
36633837
4144234857
4281008036
4212986681
4234608210
156957574
4275439153
4293394052
4289790764
4242210711
107804642
4286050642
4285202816
239663777
4224121216
4179166505
280754483
4280941867
64849
59962136
4236637999
87293961
137427546
90371751
4256367741
40700289
4249420396
4265542654
26410560
186581787
174327385
4151116725
4216193212
4097964494
4268293163
101645939
4279502523
4245357091
4086695572
13173903
57997461
4218028636
4209179383
85982287
149816042
28837287
105906776
109051608
182387790
65796447
4119986144
4202431917
132513350
4273667845
4121886793
57605094
4222419005
4277601045
122749100
4225764390
63769
41350067
4254597605
4205379941
4193650474
19006872
95291497
8911107
4146591292
4203217906
35389421
4165138957
4250399805
4288217738
18089626
90505591
4085645926
130023967
3737554
4108124574
280754483
4280941867
64849
59962136
4236637999
87293961
137427546
90371751
4256367741
40700289
4249420396
4265542654
26410560
186581787
174327385
4261085139
47448074
69336274
4174115675
4198757521
4227662198
74712009
118226482
4261282399
145228943
86835604
4254008052
4260562255
65077269
51838339
4241161657
5963508
4191290306
4138010767
4254989408
109182289
74973626
30537107
4291165787
4253022868
29819270
4214882518
2554616
62524692
4263968003
4131848222
4085516400
4234673433
4287429396
59702734
4246141736
127859036
158991485
4144627030
4265738811
10419736
32701361
4119135332
4149804836
156634095
4164027642
4289527107
136708283
4226814280
35719860
4240700547
4198499651
4294377562
32114413
119539084
21821078
18678555
44761269
64682515
111607179
48694985
78510948
4244174891
4288479453
76020722
47448074
69336274
4174115675
4198757521
4227662198
74712009
118226482
4261282399
145228943
86835604
4254008052
4260562255
65077269
51838339
4241161657
40042392
95550992
7469103
85396439
128974433
131662003
120654529
4287231433
40438503
45155756
5111925
4294442570
4243520520
13633181
982097
12519331
4252172111
4253155476
150405466
25753736
4264362859
95680543
4266917377
4197582116
4246929414
4288544224
4215930030
4207282032
51711189
4267440822
6026949
25363641
3865257
107674823
4253156590
4158524477
4252437009
151715423
67765045
4210424491
29685729
10223184
4270259933
4129422084
4130078059
4244962406
4250073348
4259184083
66254698
125370337
4182770028
4284088564
4246930527
2422468
308083370
2032149
4203019451
4171038654
4265412563
144834362
4202889627
4233234105
4207083593
4159307086
73990205
95550992
7469103
85396439
128974433
131662003
120654529
4287231433
40438503
45155756
5111925
4294442570
4243520520
13633181
982097
12519331
4260954306
88408489
4170974351
43975338
4847833
15532267
4269737978
4178049470
14417557
158923884
99285055
4277405863
104793985
4231988775
4235725050
11466813
138280751
80674452
4162715127
4243523223
4153406940
107347825
4144167500
4169986982
272040931
4190503011
2816481
4197449255
4146924840
4718835
4145610013
4279699743
4195745108
4259248260
268304360
152173836
2292490
4269212265
4092263377
4190569243
102369139
4245422274
4208589688
85522639
106957377
99812199
4283759618
4238407409
173144540
4178576720
4106550138
43122540
4289593343
116850328
4282383063
4276289273
4264166875
80808038
270010481
113702897
29689154
4186047143
4586182
4199942246
4269736501
88408489
4170974351
43975338
4847833
15532267
4269737978
4178049470
14417557
158923884
99285055
4277405863
104793985
4231988775
4235725050
11466813
50658436
4245618882
4277994694
13631289
39910022
49937783
4197973721
163838967
4241882380
4184998396
103153146
4141218156
43384327
138085241
4216458156
38601446
4285397466
10158846
4253485206
4116972621
4282448035
4213571841
4283631776
6751655
8717750
46662070
4122150597
4266197389
72219213
24247271
4252107474
30279444
91553229
65009973
20053096
4204071004
156236683
4269535680
4152689472
4266982763
4192469748
4207742424
4095803992
4238736139
4291033209
76545937
100663105
112916905
126354982
17498232
187299863
88737344
65666750
4207606937
4172548880
4294182767
4270653640
66059439
4228381379
160759107
44172306
40370952
176093260
4123063822
4258003418
4245618882
4277994694
13631289
39910022
49937783
4197973721
163838967
4241882380
4184998396
103153146
4141218156
43384327
138085241
4216458156
38601446
4266853198
130679674
4184408702
69074306
53676283
4271703266
7670143
4291693212
163971230
5308240
4227529655
4153673066
4157471901
33029111
4279828007
4176412167
4256105278
52559486
40633860
5768504
4199482227
4258134548
2488901
4221501570
4230151230
69730006
35977479
4208524948
4256561485
190183723
302186911
4194956752
4166581677
4222616107
11861020
150077707
4251124028
149489597
16647796
30670533
213454097
4269997749
4274583311
100401480
33223655
4208001033
113311248
4214030062
4197647109
99282455
4256626699
4256891232
4147248029
58719755
25561454
4245029424
45481106
4284089464
4272553598
4140630871
4251060293
4259904580
92271876
4287695274
4248374466
130679674
4184408702
69074306
53676283
4271703266
7670143
4291693212
163971230
5308240
4227529655
4153673066
4157471901
33029111
4279828007
4176412167
4202562351
57868624
24051925
4152165302
4787802
117571060
55312062
121110765
95485751
4096196726
4188013087
128516925
4284741160
73927561
36897468
4264884884
188810135
4274912170
76678008
251525163
4213113868
45875826
80476131
4280027065
83362867
4230480041
14483954
4281204994
4211539210
58394163
4203084831
4196202948
25364778
4265211673
4203278492
4207673134
4189325149
4247780322
39647924
4184538536
4164615740
4227203468
21493354
103218153
41156370
166067566
91095355
4257022344
79756927
5373884
4144693159
4136435229
4220913452
5438518
47775147
4231137532
4207740714
4272424103
4180606805
39650217
169411583
76282714
99021864
4254138291
4149019424
57868624
24051925
4152165302
4787802
117571060
55312062
121110765
95485751
4096196726
4188013087
128516925
4284741160
73927561
36897468
4264884884
122619489
4249159073
23002855
9043911
16842400
31391414
80018322
25951942
152567580
145358701
4249223446
38535280
4226746131
4079880102
4209968261
213645761
274464025
4236051045
4255316475
4216388927
4059493908
4194107546
4246801774
65208081
4194041173
4158519642
55114448
4272685206
39647485
97386964
141297538
67435176
9698466
4198235973
4145477907
4246797364
4177986239
18350505
4214815398
4211344508
4216390751
4202822864
214239688
4273011878
4223989768
6947917
4274192171
4284351742
4281334830
166787531
4227792342
4153668864
102303410
196214830
53606776
28052129
4259839317
4084138198
181143961
109903800
4270260111
76874453
4176545178
67306688
56494378
4249159073
23002855
9043911
16842400
31391414
80018322
25951942
152567580
145358701
4249223446
38535280
4226746131
4079880102
4209968261
213645761
180026129
4221041591
4078501396
4291296527
43845763
4253943371
4168481537
55246188
80477508
4260167009
4197319898
4287431756
4269996780
4101110854
4253877991
52822638
159645042
15204533
4244831740
123599752
4199743641
4282646930
74644605
4258922728
28836395
19072573
4233101792
4262394079
64028948
4245487583
4231136724
108462510
132447782
4266002182
13761440
4234018505
3946971172
4205837253
62914062
90244304
168625778
52951600
83559341
5833364
25492106
16187740
4287299955
76219976
4290971085
62455396
4256301554
16714000
88146639
4152623095
7930636
4217831290
17890536
206896375
4211342089
70644936
13369392
4277339649
109443624
4225038930
85588234
4221041591
4078501396
4291296527
43845763
4253943371
4168481537
55246188
80477508
4260167009
4197319898
4287431756
4269996780
4101110854
4253877991
52822638
126483855
4184343526
47253018
4203482634
4206430435
401868178
124191894
20644413
125042612
4141481956
59310530
227346748
4278321088
4273472026
114362120
67829014
3801861
4237357994
4254595273
4283237080
4153080317
4217111893
4257611741
4179557594
4225826017
4164549099
4274782825
109510304
4652838
56623621
42991718
4065337
15727810
32963181
56100114
4205182963
4261152048
4257347993
4116052144
4220844418
108524605
145688314
4256366767
4201448945
4213835186
4263179552
21887410
23330672
97386317
41286381
55836183
21953407
4193519184
4108911194
4201512399
61344476
4154129213
4176476783
52100066
14876764
7668317
29753254
53281537
143586669
93388205
4184343526
47253018
4203482634
4206430435
401868178
124191894
20644413
125042612
4141481956
59310530
227346748
4278321088
4273472026
114362120
67829014
